% logfile for Python side
% 1 time (sec)
% 2 Mission state
% 3,4,5 (x,y,h) (m,m,rad)
% 6 Camera frame count
% 7-9 Line sensor: line position, e*kp, control y (rad/s), validCnt
%     Line sensor: Kp=1.0, tau_z=0.8s, tau_p=0.25s
% 10,11 trip A (distance and heading change)
% 12,13 trip B (distance and heading change)
% 1773155653.5452635 robobot/cmd/ti log 1
% 1773155653.5453932 robobot/cmd/ti alive 2026-03-10 16:14:13.541784
1773155653.59208 0 2.226 0.503 0.650 0 0.00 0.00 0.000 0.000 0 0.000 0.650 0.0000 0.6500
1773155653.6401668 0 2.226 0.503 0.650 0 0.00 0.00 0.000 0.000 0 0.000 0.650 0.0000 0.6500
1773155653.642306 0 2.226 0.503 0.650 0 0.00 0.00 0.000 0.000 0 0.000 0.650 0.0000 0.6500
1773155653.6928537 0 2.226 0.503 0.650 0 0.00 0.00 0.000 0.000 0 0.000 0.650 0.0000 0.6500
% 1773155653.6958785 robobot/cmd/T0 enc0
% 1773155653.695945 robobot/cmd/T0 confw 0.074 0.074 19 92 0.23
% 1773155653.6960046 robobot/cmd/T0 confi
1773155653.7402499 0 0.000 0.000 0.000 0 0.00 0.00 0.000 0.000 0 0.000 0.000 0.0000 0.0000
1773155653.7425013 0 0.000 0.000 0.000 0 0.00 0.00 0.000 0.000 0 0.000 0.000 0.0000 0.0000
1773155653.7927008 0 0.000 0.000 0.000 0 0.00 0.00 0.000 0.000 0 0.000 0.000 0.0000 0.0000
1773155653.840754 0 0.000 0.000 0.000 0 0.00 0.00 0.000 0.000 0 0.000 0.000 0.0000 0.0000
1773155653.8428988 0 0.000 0.000 0.000 0 0.00 0.00 0.000 0.000 0 0.000 0.000 0.0000 0.0000
% 1773155653.881174 robobot/cmd/T0 lip 1
% 1773155653.881246 robobot/cmd/T0 sub livn 10
1773155653.8925135 0 0.000 0.000 0.000 1 0.00 0.00 0.000 0.000 0 0.000 0.000 0.0000 0.0000
% 1773155653.9014409 robobot/cmd/T0 liwi
% 1773155653.9216256 robobot/cmd/T0 servo 1 {self.CURRENT_POS} {self.SPEED}
% 1773155653.9219515 robobot/cmd/T0 leds 14 80 0 0
% 1773155653.9220252 robobot/cmd/T0 leds 15 80 0 0
% 1773155653.9220886 robobot/cmd/T0 leds 16 80 0 0
1773155653.9402251 0 0.000 0.000 0.000 1 -1.00 0.00 0.000 0.000 5 0.000 0.000 0.0000 0.0000
1773155653.9436264 0 0.000 0.000 0.000 1 -1.00 0.00 0.000 0.000 5 0.000 0.000 0.0000 0.0000
1773155653.9932642 0 0.000 0.000 0.000 1 -1.00 0.00 0.000 0.000 10 0.000 0.000 0.0000 0.0000
1773155654.040173 0 0.000 0.000 0.000 1 -1.00 0.00 0.000 0.000 15 0.000 0.000 0.0000 0.0000
1773155654.0435808 0 0.000 0.000 0.000 1 -1.00 0.00 0.000 0.000 15 0.000 0.000 0.0000 0.0000
% 1773155654.0464149 robobot/cmd/ti alive 2026-03-10 16:14:13.541784
1773155654.093229 0 0.000 0.000 0.000 1 -1.00 0.00 0.000 0.000 20 0.000 0.000 0.0000 0.0000
1773155654.1410487 0 0.000 0.000 0.000 1 -1.00 0.00 0.000 0.000 20 0.000 0.000 0.0000 0.0000
1773155654.1432462 0 0.000 0.000 0.000 1 -1.00 0.00 0.000 0.000 20 0.000 0.000 0.0000 0.0000
1773155654.1935985 0 0.000 0.000 0.000 1 -1.00 0.00 0.000 0.000 20 0.000 0.000 0.0000 0.0000
1773155654.2405856 0 0.000 0.000 0.000 1 -1.00 0.00 0.000 0.000 20 0.000 0.000 0.0000 0.0000
1773155654.2427313 0 0.000 0.000 0.000 1 -1.00 0.00 0.000 0.000 20 0.000 0.000 0.0000 0.0000
1773155654.2936628 0 0.000 0.000 0.000 1 -1.00 0.00 0.000 0.000 20 0.000 0.000 0.0000 0.0000
1773155654.3409774 0 0.000 0.000 0.000 1 -1.00 0.00 0.000 0.000 20 0.000 0.000 0.0000 0.0000
1773155654.3433537 0 0.000 0.000 0.000 1 -1.00 0.00 0.000 0.000 20 0.000 0.000 0.0000 0.0000
1773155654.3938935 0 0.000 0.000 0.000 1 -1.00 0.00 0.000 0.000 20 0.000 0.000 0.0000 0.0000
1773155654.4409778 0 0.000 0.000 0.000 1 -1.00 0.00 0.000 0.000 20 0.000 0.000 0.0000 0.0000
1773155654.4442084 0 0.000 0.000 0.000 1 -1.00 0.00 0.000 0.000 20 0.000 0.000 0.0000 0.0000
1773155654.4942505 0 0.000 0.000 0.000 1 -1.00 0.00 0.000 0.000 20 0.000 0.000 0.0000 0.0000
1773155654.5407724 0 0.000 0.000 0.000 1 -1.00 0.00 0.000 0.000 20 0.000 0.000 0.0000 0.0000
1773155654.544086 0 0.000 0.000 0.000 1 -1.00 0.00 0.000 0.000 20 0.000 0.000 0.0000 0.0000
% 1773155654.5474977 robobot/cmd/ti alive 2026-03-10 16:14:13.541784
1773155654.5945933 0 0.000 0.000 0.000 1 -1.00 0.00 0.000 0.000 20 0.000 0.000 0.0000 0.0000
1773155654.6405132 0 0.000 0.000 0.000 1 -1.00 0.00 0.000 0.000 20 0.000 0.000 0.0000 0.0000
1773155654.6439188 0 0.000 0.000 0.000 1 -1.00 0.00 0.000 0.000 20 0.000 0.000 0.0000 0.0000
1773155654.6944983 0 0.000 0.000 0.000 1 -1.00 0.00 0.000 0.000 20 0.000 0.000 0.0000 0.0000
1773155654.7404335 0 0.000 0.000 0.000 1 -1.00 0.00 0.000 0.000 20 0.000 0.000 0.0000 0.0000
1773155654.74375 0 0.000 0.000 0.000 1 -1.00 0.00 0.000 0.000 20 0.000 0.000 0.0000 0.0000
1773155654.794067 0 0.000 0.000 0.000 1 -1.00 0.00 0.000 0.000 20 0.000 0.000 0.0000 0.0000
1773155654.8411458 0 0.000 0.000 0.000 1 -1.00 0.00 0.000 0.000 20 0.000 0.000 0.0000 0.0000
1773155654.844412 0 0.000 0.000 0.000 1 -1.00 0.00 0.000 0.000 20 0.000 0.000 0.0000 0.0000
1773155654.8943443 0 0.000 0.000 0.000 1 -1.00 0.00 0.000 0.000 20 0.000 0.000 0.0000 0.0000
1773155654.941133 0 0.000 0.000 0.000 1 -1.00 0.00 0.000 0.000 20 0.000 0.000 0.0000 0.0000
1773155654.9445174 0 0.000 0.000 0.000 1 -1.00 0.00 0.000 0.000 20 0.000 0.000 0.0000 0.0000
1773155654.9937432 0 0.000 0.000 0.000 1 -1.00 0.00 0.000 0.000 20 0.000 0.000 0.0000 0.0000
1773155655.0405529 0 0.000 0.000 0.000 1 -1.00 0.00 0.000 0.000 20 0.000 0.000 0.0000 0.0000
1773155655.0449562 0 0.000 0.000 0.000 1 -1.00 0.00 0.000 0.000 20 0.000 0.000 0.0000 0.0000
% 1773155655.048493 robobot/cmd/ti alive 2026-03-10 16:14:13.541784
1773155655.094672 0 0.000 0.000 0.000 1 -1.00 0.00 0.000 0.000 20 0.000 0.000 0.0000 0.0000
% 1773155655.125682 robobot/cmd/ti rc 0.10 0.00
% 1773155655.1257577 robobot/cmd/ti rc 0.0 0.0
% 1773155655.1307313 robobot/cmd/ti rc 0.200 3.157 1773155655.1306653
% 1773155655.1406257 robobot/cmd/ti rc 0.200 3.073 1773155655.1404798
1773155655.1406465 0 0.000 0.000 0.001 1 -1.00 0.00 1.000 3.073 20 0.000 0.001 0.0000 0.0012
1773155655.144831 0 0.000 0.000 0.002 1 -1.00 0.00 1.000 3.073 20 0.000 0.002 0.0000 0.0023
% 1773155655.1516612 robobot/cmd/ti rc 0.200 2.991 1773155655.1514897
% 1773155655.1614902 robobot/cmd/ti rc 0.200 2.913 1773155655.1613505
% 1773155655.1713357 robobot/cmd/ti rc 0.200 2.839 1773155655.1711876
% 1773155655.1810656 robobot/cmd/ti rc 0.200 2.767 1773155655.1809235
% 1773155655.1909494 robobot/cmd/ti rc 0.200 2.698 1773155655.190809
1773155655.195235 0 0.006 0.000 0.070 1 -1.00 0.00 1.000 2.698 20 0.006 0.070 0.0056 0.0705
% 1773155655.2008965 robobot/cmd/ti rc 0.200 2.631 1773155655.2007473
% 1773155655.2107024 robobot/cmd/ti rc 0.200 2.567 1773155655.2105634
% 1773155655.221048 robobot/cmd/ti rc 0.200 2.506 1773155655.2208617
% 1773155655.231219 robobot/cmd/ti rc 0.200 2.447 1773155655.2309399
% 1773155655.2411132 robobot/cmd/ti rc 0.200 2.390 1773155655.241013
1773155655.2411354 0 0.012 0.001 0.157 1 -1.00 1.00 1.000 2.390 20 0.012 0.157 0.0122 0.1573
1773155655.245428 0 0.012 0.001 0.164 1 -1.00 1.00 1.000 2.390 20 0.012 0.164 0.0122 0.1642
% 1773155655.2511466 robobot/cmd/ti rc 0.200 2.336 1773155655.2509842
% 1773155655.2609508 robobot/cmd/ti rc 0.200 -0.873 1773155655.2608664
% 1773155655.2708404 robobot/cmd/ti rc 0.200 -0.839 1773155655.2707615
% 1773155655.2813601 robobot/cmd/ti rc 0.200 -0.806 1773155655.2812421
% 1773155655.2911704 robobot/cmd/ti rc 0.200 -0.775 1773155655.2910533
1773155655.2954688 0 0.020 0.003 0.241 1 0.00 1.00 0.000 -0.775 20 0.021 0.241 0.0211 0.2406
% 1773155655.3009708 robobot/cmd/ti rc 0.200 -0.744 1773155655.3008866
% 1773155655.3107965 robobot/cmd/ti rc 0.200 -0.715 1773155655.3107219
% 1773155655.3206456 robobot/cmd/ti rc 0.200 -0.687 1773155655.3205674
% 1773155655.3314822 robobot/cmd/ti rc 0.200 -0.660 1773155655.3314145
% 1773155655.3412948 robobot/cmd/ti rc 0.200 -0.635 1773155655.3412218
1773155655.3413124 0 0.029 0.005 0.286 1 0.00 1.00 0.000 -0.635 20 0.028 0.286 0.0283 0.2857
1773155655.3455682 0 0.029 0.005 0.288 1 0.00 1.00 0.000 -0.635 20 0.030 0.288 0.0300 0.2880
% 1773155655.351176 robobot/cmd/ti rc 0.200 -0.610 1773155655.351114
% 1773155655.3609104 robobot/cmd/ti rc 0.200 -0.586 1773155655.3608518
% 1773155655.3707662 robobot/cmd/ti rc 0.200 -0.563 1773155655.3706956
% 1773155655.380553 robobot/cmd/ti rc 0.200 -0.541 1773155655.3804972
% 1773155655.3914676 robobot/cmd/ti rc 0.200 -3.677 1773155655.3914008
1773155655.3946524 0 0.039 0.008 0.293 1 1.00 2.00 -1.000 -3.677 20 0.040 0.293 0.0399 0.2926
% 1773155655.4013476 robobot/cmd/ti rc 0.200 -3.572 1773155655.401273
% 1773155655.4110727 robobot/cmd/ti rc 0.200 -3.471 1773155655.4110134
% 1773155655.4208727 robobot/cmd/ti rc 0.200 -3.375 1773155655.4208028
% 1773155655.430767 robobot/cmd/ti rc 0.200 -3.282 1773155655.4306877
% 1773155655.441613 robobot/cmd/ti rc 0.200 -3.192 1773155655.4415412
1773155655.4416313 0 0.049 0.011 0.231 1 1.00 2.00 -1.000 -3.192 20 0.051 0.231 0.0509 0.2313
1773155655.444774 0 0.050 0.011 0.223 1 1.00 2.00 -1.000 -3.192 20 0.051 0.223 0.0509 0.2232
% 1773155655.451491 robobot/cmd/ti rc 0.200 -3.107 1773155655.451414
% 1773155655.4612784 robobot/cmd/ti rc 0.200 -3.024 1773155655.4612155
% 1773155655.4712496 robobot/cmd/ti rc 0.200 -2.945 1773155655.4710734
% 1773155655.4830723 robobot/cmd/ti rc 0.200 -2.869 1773155655.4829516
% 1773155655.490872 robobot/cmd/ti rc 0.200 -2.796 1773155655.4907925
1773155655.4957757 0 0.060 0.013 0.094 1 1.00 2.00 -1.000 -2.796 20 0.063 0.094 0.0634 0.0937
% 1773155655.5012448 robobot/cmd/ti rc 0.200 0.432 1773155655.501175
% 1773155655.5117326 robobot/cmd/ti rc 0.200 0.415 1773155655.5116596
% 1773155655.5209107 robobot/cmd/ti rc 0.200 0.398 1773155655.5206997
% 1773155655.5308821 robobot/cmd/ti rc 0.200 0.383 1773155655.5307457
% 1773155655.5417283 robobot/cmd/ti rc 0.200 0.368 1773155655.5416083
1773155655.5417511 0 0.071 0.013 -0.002 1 0.00 1.00 0.000 0.368 20 0.072 -0.002 0.0722 -0.0023
1773155655.5449986 0 0.071 0.013 -0.010 1 0.00 1.00 0.000 0.368 20 0.074 -0.010 0.0743 -0.0104
% 1773155655.5494516 robobot/cmd/ti alive 2026-03-10 16:14:13.541784
% 1773155655.5515857 robobot/cmd/ti rc 0.200 0.354 1773155655.5515153
% 1773155655.561354 robobot/cmd/ti rc 0.200 0.340 1773155655.5612857
% 1773155655.5711882 robobot/cmd/ti rc 0.200 0.326 1773155655.571125
% 1773155655.5811312 robobot/cmd/ti rc 0.200 0.314 1773155655.5810404
% 1773155655.5912356 robobot/cmd/ti rc 0.200 0.301 1773155655.591074
1773155655.595311 0 0.081 0.013 -0.074 1 0.00 1.00 0.000 0.301 20 0.084 -0.074 0.0840 -0.0740
% 1773155655.6008816 robobot/cmd/ti rc 0.200 0.290 1773155655.6007962
% 1773155655.6107047 robobot/cmd/ti rc 0.200 0.278 1773155655.6106331
% 1773155655.6216583 robobot/cmd/ti rc 0.200 0.267 1773155655.6215632
% 1773155655.6315625 robobot/cmd/ti rc 0.200 0.257 1773155655.6314695
% 1773155655.6413639 robobot/cmd/ti rc 0.200 0.247 1773155655.6412766
1773155655.6414313 0 0.090 0.012 -0.087 1 0.00 1.00 0.000 0.247 20 0.093 -0.087 0.0927 -0.0867
1773155655.6456258 0 0.091 0.012 -0.084 1 0.00 1.00 0.000 0.247 20 0.093 -0.084 0.0927 -0.0844
% 1773155655.6512294 robobot/cmd/ti rc 0.200 0.237 1773155655.6511533
% 1773155655.6610854 robobot/cmd/ti rc 0.200 0.228 1773155655.6610117
% 1773155655.6709597 robobot/cmd/ti rc 0.200 0.219 1773155655.6708844
% 1773155655.6819627 robobot/cmd/ti rc 0.200 0.210 1773155655.6810362
% 1773155655.6910548 robobot/cmd/ti rc 0.200 0.202 1773155655.6909516
1773155655.6953452 0 0.100 0.011 -0.076 1 0.00 1.00 0.000 0.202 20 0.103 -0.076 0.1034 -0.0763
% 1773155655.7009547 robobot/cmd/ti rc 0.200 3.351 1773155655.7008624
% 1773155655.7119572 robobot/cmd/ti rc 0.200 0.102 1773155655.7118268
% 1773155655.7217412 robobot/cmd/ti rc 0.200 3.255 1773155655.7216382
% 1773155655.731506 robobot/cmd/ti rc 0.200 0.010 1773155655.7314348
% 1773155655.741339 robobot/cmd/ti rc 0.200 0.010 1773155655.7412221
1773155655.7413604 0 0.108 0.011 -0.032 1 0.00 1.00 0.000 0.010 20 0.111 -0.032 0.1109 -0.0324
1773155655.7457225 0 0.109 0.011 -0.024 1 0.00 1.00 0.000 0.010 20 0.113 -0.024 0.1126 -0.0243
% 1773155655.751327 robobot/cmd/ti rc 0.200 0.009 1773155655.7512524
% 1773155655.7612395 robobot/cmd/ti rc 0.200 0.009 1773155655.7611156
% 1773155655.7710533 robobot/cmd/ti rc 0.200 0.008 1773155655.7709377
% 1773155655.7807307 robobot/cmd/ti rc 0.200 0.008 1773155655.780664
% 1773155655.79166 robobot/cmd/ti rc 0.200 0.008 1773155655.791582
1773155655.7960467 0 0.119 0.011 0.016 1 0.00 1.00 0.000 0.008 20 0.122 0.016 0.1218 0.0162
% 1773155655.801579 robobot/cmd/ti rc 0.200 0.008 1773155655.801512
% 1773155655.8114202 robobot/cmd/ti rc 0.200 0.007 1773155655.8113444
% 1773155655.822697 robobot/cmd/ti rc 0.200 0.007 1773155655.8216379
% 1773155655.831748 robobot/cmd/ti rc 0.200 0.007 1773155655.8316064
% 1773155655.8414633 robobot/cmd/ti rc 0.200 0.006 1773155655.8413687
1773155655.8414843 0 0.127 0.011 0.042 1 0.00 1.00 0.000 0.006 20 0.131 0.042 0.1306 0.0416
1773155655.8458984 0 0.128 0.011 0.045 1 0.00 1.00 0.000 0.006 20 0.131 0.045 0.1306 0.0451
% 1773155655.851428 robobot/cmd/ti rc 0.200 0.006 1773155655.8513381
% 1773155655.861319 robobot/cmd/ti rc 0.200 0.006 1773155655.861223
% 1773155655.8711746 robobot/cmd/ti rc 0.200 0.006 1773155655.8710947
% 1773155655.883359 robobot/cmd/ti rc 0.200 0.005 1773155655.8832276
% 1773155655.890878 robobot/cmd/ti rc 0.200 0.005 1773155655.8907766
1773155655.8962765 0 0.139 0.011 0.058 1 0.00 1.00 0.000 0.005 20 0.142 0.058 0.1420 0.0578
% 1773155655.901743 robobot/cmd/ti rc 0.200 0.005 1773155655.9016554
% 1773155655.9118605 robobot/cmd/ti rc 0.200 0.005 1773155655.9117672
% 1773155655.9216418 robobot/cmd/ti rc 0.200 0.005 1773155655.9215484
% 1773155655.9314315 robobot/cmd/ti rc 0.200 0.004 1773155655.9313571
% 1773155655.9412348 robobot/cmd/ti rc 0.200 0.004 1773155655.941165
1773155655.9412527 0 0.147 0.012 0.064 1 0.00 1.00 0.000 0.004 20 0.150 0.064 0.1501 0.0636
1773155655.94556 0 0.148 0.012 0.065 1 0.00 1.00 0.000 0.004 20 0.152 0.065 0.1517 0.0648
% 1773155655.951117 robobot/cmd/ti rc 0.200 0.004 1773155655.9510515
% 1773155655.9608386 robobot/cmd/ti rc 0.200 0.004 1773155655.9607687
% 1773155655.971873 robobot/cmd/ti rc 0.200 0.004 1773155655.9717689
% 1773155655.9818041 robobot/cmd/ti rc 0.200 0.004 1773155655.981709
% 1773155655.9916763 robobot/cmd/ti rc 0.200 0.004 1773155655.9915836
1773155655.9959397 0 0.158 0.013 0.068 1 0.00 1.00 0.000 0.004 20 0.161 0.068 0.1612 0.0682
% 1773155656.001554 robobot/cmd/ti rc 0.200 0.003 1773155656.001469
% 1773155656.0115092 robobot/cmd/ti rc 0.200 0.003 1773155656.011428
% 1773155656.0214562 robobot/cmd/ti rc 0.200 0.003 1773155656.0212421
% 1773155656.0312202 robobot/cmd/ti rc 0.200 0.003 1773155656.0311258
% 1773155656.04104 robobot/cmd/ti rc 0.200 0.003 1773155656.0409575
1773155656.0410597 0 0.167 0.013 0.068 1 0.00 1.00 0.000 0.003 20 0.171 0.068 0.1707 0.0682
1773155656.0463452 0 0.169 0.013 0.068 1 0.00 1.00 0.000 0.003 20 0.171 0.068 0.1707 0.0682
% 1773155656.0504122 robobot/cmd/ti alive 2026-03-10 16:14:13.541784
% 1773155656.0510325 robobot/cmd/ti rc 0.200 0.003 1773155656.0509374
% 1773155656.0608666 robobot/cmd/ti rc 0.200 0.003 1773155656.060765
% 1773155656.0719426 robobot/cmd/ti rc 0.200 0.003 1773155656.0718188
% 1773155656.0823698 robobot/cmd/ti rc 0.200 0.002 1773155656.0822232
% 1773155656.091142 robobot/cmd/ti rc 0.200 0.002 1773155656.0910523
1773155656.0967429 0 0.179 0.014 0.069 1 0.00 1.00 0.000 0.002 20 0.183 0.069 0.1825 0.0694
% 1773155656.1010659 robobot/cmd/ti rc 0.200 0.002 1773155656.1009884
% 1773155656.11093 robobot/cmd/ti rc 0.200 0.002 1773155656.1108592
% 1773155656.12188 robobot/cmd/ti rc 0.200 0.002 1773155656.1217816
% 1773155656.131743 robobot/cmd/ti rc 0.200 0.002 1773155656.131644
% 1773155656.142474 robobot/cmd/ti rc 0.200 0.002 1773155656.1424007
1773155656.142493 0 0.188 0.015 0.068 1 0.00 1.00 0.000 0.002 20 0.190 0.068 0.1903 0.0682
1773155656.145853 0 0.189 0.015 0.068 1 0.00 1.00 0.000 0.002 20 0.192 0.068 0.1922 0.0682
% 1773155656.1514876 robobot/cmd/ti rc 0.200 0.002 1773155656.1513882
% 1773155656.1624901 robobot/cmd/ti rc 0.200 0.002 1773155656.162377
% 1773155656.1724446 robobot/cmd/ti rc 0.200 0.002 1773155656.1723459
% 1773155656.1824687 robobot/cmd/ti rc 0.200 0.002 1773155656.1823864
% 1773155656.1926546 robobot/cmd/ti rc 0.200 0.002 1773155656.1925726
1773155656.1960769 0 0.199 0.015 0.068 1 0.00 1.00 0.000 0.002 20 0.202 0.068 0.2017 0.0682
% 1773155656.2017796 robobot/cmd/ti rc 0.200 0.002 1773155656.2017055
% 1773155656.2121475 robobot/cmd/ti rc 0.200 0.001 1773155656.2120392
% 1773155656.222432 robobot/cmd/ti rc 0.200 0.001 1773155656.222365
% 1773155656.2325366 robobot/cmd/ti rc 0.200 0.001 1773155656.2324333
% 1773155656.2416954 robobot/cmd/ti rc 0.200 0.001 1773155656.2416065
1773155656.2417164 0 0.208 0.016 0.067 1 0.00 1.00 0.000 0.001 20 0.211 0.067 0.2113 0.0671
1773155656.2461238 0 0.209 0.016 0.068 1 0.00 1.00 0.000 0.001 20 0.211 0.068 0.2113 0.0682
% 1773155656.2519777 robobot/cmd/ti rc 0.200 0.001 1773155656.251882
% 1773155656.2618093 robobot/cmd/ti rc 0.200 0.001 1773155656.2617397
% 1773155656.2716818 robobot/cmd/ti rc 0.200 0.001 1773155656.2716086
% 1773155656.2819822 robobot/cmd/ti rc 0.200 0.001 1773155656.2818496
% 1773155656.291833 robobot/cmd/ti rc 0.200 0.001 1773155656.2917273
1773155656.2961416 0 0.219 0.017 0.067 1 0.00 1.00 0.000 0.001 20 0.223 0.067 0.2227 0.0671
% 1773155656.3017373 robobot/cmd/ti rc 0.200 0.001 1773155656.3016524
% 1773155656.3116105 robobot/cmd/ti rc 0.200 0.001 1773155656.3115382
% 1773155656.3224556 robobot/cmd/ti rc 0.200 0.001 1773155656.3223493
% 1773155656.3322084 robobot/cmd/ti rc 0.200 0.001 1773155656.3321502
% 1773155656.3420484 robobot/cmd/ti rc 0.200 0.001 1773155656.3419971
1773155656.3420653 0 0.228 0.017 0.067 1 0.00 1.00 0.000 0.001 20 0.231 0.067 0.2308 0.0671
1773155656.346458 0 0.229 0.017 0.066 1 0.00 1.00 0.000 0.001 20 0.232 0.066 0.2323 0.0659
% 1773155656.3521013 robobot/cmd/ti rc 0.200 0.001 1773155656.3520367
% 1773155656.3619106 robobot/cmd/ti rc 0.200 0.001 1773155656.3618467
% 1773155656.371763 robobot/cmd/ti rc 0.200 0.001 1773155656.3717036
% 1773155656.3826356 robobot/cmd/ti rc 0.200 0.001 1773155656.3825333
% 1773155656.3924723 robobot/cmd/ti rc 0.200 0.001 1773155656.3923743
1773155656.3967965 0 0.239 0.018 0.064 1 0.00 1.00 0.000 0.001 20 0.242 0.064 0.2419 0.0636
% 1773155656.4022994 robobot/cmd/ti rc 0.200 0.001 1773155656.4022245
% 1773155656.412074 robobot/cmd/ti rc 0.200 0.001 1773155656.4120023
% 1773155656.4219518 robobot/cmd/ti rc 0.200 0.001 1773155656.4218593
% 1773155656.4317307 robobot/cmd/ti rc 0.200 0.001 1773155656.4316688
% 1773155656.4425712 robobot/cmd/ti rc 0.200 0.001 1773155656.4424796
1773155656.4425914 0 0.248 0.019 0.064 1 0.00 1.00 0.000 0.001 20 0.251 0.064 0.2513 0.0636
1773155656.4469366 0 0.249 0.019 0.062 1 0.00 1.00 0.000 0.001 20 0.251 0.062 0.2513 0.0625
% 1773155656.452451 robobot/cmd/ti rc 0.200 0.001 1773155656.4523876
% 1773155656.4624903 robobot/cmd/ti rc 0.200 0.001 1773155656.4623792
% 1773155656.472175 robobot/cmd/ti rc 0.200 0.001 1773155656.4721062
% 1773155656.4834855 robobot/cmd/ti rc 0.200 0.000 1773155656.483351
% 1773155656.4920552 robobot/cmd/ti rc 0.200 0.000 1773155656.4919808
1773155656.4975097 0 0.258 0.019 0.061 1 0.00 1.00 0.000 0.000 20 0.262 0.061 0.2623 0.0613
% 1773155656.5020363 robobot/cmd/ti rc 0.200 0.000 1773155656.5019608
% 1773155656.511971 robobot/cmd/ti rc 0.200 0.000 1773155656.51189
% 1773155656.5218143 robobot/cmd/ti rc 0.200 0.000 1773155656.5217295
% 1773155656.5326018 robobot/cmd/ti rc 0.200 0.000 1773155656.532529
% 1773155656.5425947 robobot/cmd/ti rc 0.200 0.000 1773155656.5424926
1773155656.5426164 0 0.268 0.020 0.060 1 0.00 1.00 0.000 0.000 20 0.270 0.060 0.2704 0.0601
1773155656.546874 0 0.268 0.020 0.060 1 0.00 1.00 0.000 0.000 20 0.272 0.060 0.2719 0.0601
% 1773155656.5515242 robobot/cmd/ti alive 2026-03-10 16:14:13.541784
% 1773155656.552514 robobot/cmd/ti rc 0.200 0.000 1773155656.5524492
% 1773155656.5621827 robobot/cmd/ti rc 0.200 0.000 1773155656.562125
% 1773155656.5720928 robobot/cmd/ti rc 0.200 0.000 1773155656.5720332
% 1773155656.581911 robobot/cmd/ti rc 0.200 0.000 1773155656.5818546
% 1773155656.5918543 robobot/cmd/ti rc 0.200 0.000 1773155656.5917642
1773155656.5971694 0 0.278 0.020 0.060 1 0.00 1.00 0.000 0.000 20 0.282 0.060 0.2815 0.0601
% 1773155656.601782 robobot/cmd/ti rc 0.200 0.000 1773155656.601714
% 1773155656.6126275 robobot/cmd/ti rc 0.200 0.000 1773155656.6125631
% 1773155656.6223454 robobot/cmd/ti rc 0.200 0.000 1773155656.6222875
% 1773155656.632241 robobot/cmd/ti rc 0.200 0.000 1773155656.6321788
% 1773155656.6420486 robobot/cmd/ti rc 0.200 0.000 1773155656.641993
1773155656.6420681 0 0.288 0.021 0.060 1 0.00 1.00 0.000 0.000 20 0.291 0.060 0.2912 0.0601
1773155656.6474884 0 0.288 0.021 0.062 1 0.00 1.00 0.000 0.000 20 0.291 0.062 0.2912 0.0625
% 1773155656.651969 robobot/cmd/ti rc 0.200 0.000 1773155656.651909
% 1773155656.6618366 robobot/cmd/ti rc 0.200 0.000 1773155656.6617694
% 1773155656.6717155 robobot/cmd/ti rc 0.200 0.000 1773155656.6716487
% 1773155656.683291 robobot/cmd/ti rc 0.200 0.000 1773155656.6831815
% 1773155656.692179 robobot/cmd/ti rc 0.200 0.000 1773155656.6920993
1773155656.6967802 0 0.299 0.022 0.062 1 0.00 1.00 0.000 0.000 20 0.303 0.062 0.3026 0.0625
% 1773155656.7023351 robobot/cmd/ti rc 0.200 0.000 1773155656.7022645
% 1773155656.7124147 robobot/cmd/ti rc 0.200 0.000 1773155656.7123497
% 1773155656.7226574 robobot/cmd/ti rc 0.200 0.000 1773155656.7225964
% 1773155656.7326858 robobot/cmd/ti rc 0.200 0.000 1773155656.7326262
% 1773155656.7425413 robobot/cmd/ti rc 0.200 0.000 1773155656.7424386
1773155656.7425618 0 0.308 0.022 0.061 1 0.00 2.00 0.000 0.000 20 0.310 0.061 0.3104 0.0613
1773155656.7469075 0 0.309 0.022 0.062 1 0.00 2.00 0.000 0.000 20 0.312 0.062 0.3122 0.0625
% 1773155656.7525003 robobot/cmd/ti rc 0.200 0.000 1773155656.7523868
% 1773155656.762228 robobot/cmd/ti rc 0.200 0.000 1773155656.7621238
% 1773155656.772013 robobot/cmd/ti rc 0.200 0.000 1773155656.7719524
% 1773155656.781982 robobot/cmd/ti rc 0.200 0.000 1773155656.7819133
% 1773155656.7919781 robobot/cmd/ti rc 0.200 0.000 1773155656.7919111
1773155656.797235 0 0.319 0.023 0.062 1 0.00 1.00 0.000 0.000 20 0.322 0.062 0.3219 0.0625
% 1773155656.8028574 robobot/cmd/ti rc 0.200 0.000 1773155656.8027961
% 1773155656.8125815 robobot/cmd/ti rc 0.200 0.000 1773155656.8125193
% 1773155656.82248 robobot/cmd/ti rc 0.200 0.000 1773155656.8224227
% 1773155656.8248525 robobot/cmd/T0 leds 14 0 80 0
% 1773155656.8249004 robobot/cmd/T0 leds 15 0 80 0
% 1773155656.8249557 robobot/cmd/T0 leds 16 0 80 0
% 1773155656.8323972 robobot/cmd/ti rc 0.200 0.000 1773155656.8323402
% 1773155656.842663 robobot/cmd/ti rc 0.200 0.000 1773155656.842596
1773155656.842682 0 0.328 0.024 0.062 1 0.00 1.00 0.000 0.000 20 0.332 0.062 0.3316 0.0625
1773155656.8476217 0 0.329 0.024 0.061 1 0.00 1.00 0.000 0.000 20 0.332 0.061 0.3316 0.0613
% 1773155656.8521712 robobot/cmd/ti rc 0.200 0.000 1773155656.8520708
% 1773155656.861992 robobot/cmd/ti rc 0.200 0.000 1773155656.861933
% 1773155656.8719792 robobot/cmd/ti rc 0.200 0.000 1773155656.8719172
% 1773155656.882071 robobot/cmd/ti rc 0.200 0.000 1773155656.8819175
% 1773155656.8928318 robobot/cmd/ti rc 0.200 0.000 1773155656.8927386
1773155656.897134 0 0.339 0.024 0.059 1 0.00 1.00 0.000 0.000 20 0.343 0.059 0.3429 0.0590
% 1773155656.902771 robobot/cmd/ti rc 0.200 0.000 1773155656.9026966
% 1773155656.9126558 robobot/cmd/ti rc 0.200 0.000 1773155656.9125898
% 1773155656.922521 robobot/cmd/ti rc 0.200 0.000 1773155656.9224613
% 1773155656.9251182 robobot/cmd/T0 leds 14 80 0 0
% 1773155656.925187 robobot/cmd/T0 leds 15 80 0 0
% 1773155656.9252338 robobot/cmd/T0 leds 16 80 0 0
% 1773155656.9327593 robobot/cmd/ti rc 0.200 0.000 1773155656.9325793
% 1773155656.9426758 robobot/cmd/ti rc 0.200 0.000 1773155656.9425719
1773155656.9426951 0 0.348 0.025 0.060 1 0.00 2.00 0.000 0.000 20 0.351 0.060 0.3508 0.0601
1773155656.946996 0 0.348 0.025 0.059 1 0.00 2.00 0.000 0.000 20 0.352 0.059 0.3522 0.0590
% 1773155656.9526658 robobot/cmd/ti rc 0.200 0.000 1773155656.9525604
% 1773155656.9625928 robobot/cmd/ti rc 0.200 0.000 1773155656.9624853
% 1773155656.9723325 robobot/cmd/ti rc 0.200 0.000 1773155656.9722679
% 1773155656.9820516 robobot/cmd/ti rc 0.200 0.000 1773155656.9819956
% 1773155656.9919431 robobot/cmd/ti rc 0.200 0.000 1773155656.9918768
1773155656.9974818 0 0.359 0.025 0.057 1 0.00 2.00 0.000 0.000 20 0.362 0.057 0.3619 0.0567
% 1773155657.0018904 robobot/cmd/ti rc 0.200 0.000 1773155657.0018275
% 1773155657.0120325 robobot/cmd/ti rc 0.200 0.000 1773155657.0119245
% 1773155657.0229669 robobot/cmd/ti rc 0.200 0.000 1773155657.0228395
% 1773155657.0319164 robobot/cmd/ti rc 0.200 0.000 1773155657.0318391
% 1773155657.0428872 robobot/cmd/ti rc 0.200 0.000 1773155657.042795
1773155657.0429564 0 0.367 0.026 0.056 1 0.00 2.00 0.000 0.000 20 0.371 0.056 0.3713 0.0555
1773155657.0473409 0 0.369 0.026 0.056 1 0.00 2.00 0.000 0.000 20 0.371 0.056 0.3713 0.0555
% 1773155657.0526392 robobot/cmd/ti alive 2026-03-10 16:14:13.541784
% 1773155657.0532622 robobot/cmd/ti rc 0.200 0.000 1773155657.0531437
% 1773155657.06302 robobot/cmd/ti rc 0.200 0.000 1773155657.062883
% 1773155657.0719156 robobot/cmd/ti rc 0.200 0.000 1773155657.0717845
% 1773155657.082427 robobot/cmd/ti rc 0.200 0.000 1773155657.0820029
% 1773155657.0930517 robobot/cmd/ti rc 0.200 0.000 1773155657.0928721
1773155657.098385 0 0.379 0.026 0.054 1 0.00 2.00 0.000 0.000 20 0.382 0.054 0.3824 0.0544
% 1773155657.1029878 robobot/cmd/ti rc 0.200 0.000 1773155657.1027062
% 1773155657.1127076 robobot/cmd/ti rc 0.200 0.000 1773155657.112632
% 1773155657.1226335 robobot/cmd/ti rc 0.200 0.000 1773155657.122562
% 1773155657.1325176 robobot/cmd/ti rc 0.200 0.000 1773155657.1323752
% 1773155657.1423392 robobot/cmd/ti rc 0.200 0.000 1773155657.142203
1773155657.1423585 0 0.387 0.027 0.054 1 0.00 2.00 0.000 0.000 20 0.390 0.054 0.3903 0.0544
1773155657.1477108 0 0.389 0.027 0.056 1 0.00 2.00 0.000 0.000 20 0.392 0.056 0.3918 0.0555
% 1773155657.1522794 robobot/cmd/ti rc 0.200 0.000 1773155657.1521797
% 1773155657.162104 robobot/cmd/ti rc 0.200 0.000 1773155657.1620016
% 1773155657.1719766 robobot/cmd/ti rc 0.200 0.000 1773155657.1718783
% 1773155657.1828752 robobot/cmd/ti rc 0.200 0.000 1773155657.1827729
% 1773155657.1928263 robobot/cmd/ti rc 0.200 0.000 1773155657.192714
1773155657.198251 0 0.399 0.028 0.057 1 0.00 2.00 0.000 0.000 20 0.402 0.057 0.4015 0.0567
% 1773155657.2028441 robobot/cmd/ti rc 0.200 0.000 1773155657.2027366
% 1773155657.2126517 robobot/cmd/ti rc 0.200 0.000 1773155657.2125719
% 1773155657.2225764 robobot/cmd/ti rc 0.200 0.000 1773155657.2224782
% 1773155657.2323637 robobot/cmd/ti rc 0.200 0.000 1773155657.2322948
% 1773155657.2423685 robobot/cmd/ti rc 0.200 -3.157 1773155657.242273
1773155657.2423892 0 0.407 0.028 0.054 1 1.00 2.00 -1.000 -3.157 20 0.411 0.054 0.4114 0.0544
1773155657.2478297 0 0.409 0.028 0.057 1 1.00 2.00 -1.000 -3.157 20 0.413 0.057 0.4131 0.0567
% 1773155657.25222 robobot/cmd/ti rc 0.200 0.084 1773155657.2521522
% 1773155657.2620792 robobot/cmd/ti rc 0.200 0.081 1773155657.2620118
% 1773155657.2722452 robobot/cmd/ti rc 0.200 -3.079 1773155657.272135
% 1773155657.2823043 robobot/cmd/ti rc 0.200 -2.998 1773155657.2819865
% 1773155657.2929451 robobot/cmd/ti rc 0.200 0.238 1773155657.2928205
1773155657.2983954 0 0.419 0.029 0.047 1 0.00 2.00 0.000 0.238 20 0.423 0.047 0.4230 0.0474
% 1773155657.302853 robobot/cmd/ti rc 0.200 0.228 1773155657.3026965
% 1773155657.314394 robobot/cmd/ti rc 0.200 0.219 1773155657.3125882
% 1773155657.3224702 robobot/cmd/ti rc 0.200 0.211 1773155657.322394
% 1773155657.3323915 robobot/cmd/ti rc 0.200 0.202 1773155657.3323195
% 1773155657.3421435 robobot/cmd/ti rc 0.200 0.195 1773155657.3420422
1773155657.3421636 0 0.427 0.029 0.041 1 0.00 2.00 0.000 0.195 20 0.431 0.041 0.4311 0.0405
1773155657.3476183 0 0.429 0.029 0.042 1 0.00 2.00 0.000 0.195 20 0.433 0.042 0.4331 0.0416
% 1773155657.3520813 robobot/cmd/ti rc 0.200 0.187 1773155657.351979
% 1773155657.3629973 robobot/cmd/ti rc 0.200 0.180 1773155657.3628972
% 1773155657.3728824 robobot/cmd/ti rc 0.200 -2.984 1773155657.372782
% 1773155657.3826883 robobot/cmd/ti rc 0.200 -2.907 1773155657.3825839
% 1773155657.3925443 robobot/cmd/ti rc 0.200 -2.832 1773155657.3924446
1773155657.3978162 0 0.439 0.029 0.018 1 1.00 2.00 -1.000 -2.832 20 0.443 0.018 0.4429 0.0185
% 1773155657.4022472 robobot/cmd/ti rc 0.200 0.397 1773155657.4021792
% 1773155657.4121284 robobot/cmd/ti rc 0.200 0.381 1773155657.4120297
% 1773155657.4230282 robobot/cmd/ti rc 0.200 0.366 1773155657.422932
% 1773155657.432902 robobot/cmd/ti rc 0.200 0.352 1773155657.432805
% 1773155657.4427774 robobot/cmd/ti rc 0.200 0.338 1773155657.44266
1773155657.4428 0 0.446 0.029 -0.001 1 0.00 1.00 0.000 0.338 20 0.452 -0.001 0.4519 -0.0012
1773155657.4481754 0 0.448 0.029 -0.008 1 0.00 1.00 0.000 0.338 20 0.454 -0.008 0.4536 -0.0081
% 1773155657.4527178 robobot/cmd/ti rc 0.200 0.325 1773155657.4526045
% 1773155657.4624712 robobot/cmd/ti rc 0.200 0.312 1773155657.4623601
% 1773155657.4723835 robobot/cmd/ti rc 0.200 0.300 1773155657.4722803
% 1773155657.4829335 robobot/cmd/ti rc 0.200 0.288 1773155657.4828157
% 1773155657.4926152 robobot/cmd/ti rc 0.200 0.277 1773155657.4925327
1773155657.4980822 0 0.458 0.029 -0.022 1 0.00 2.00 0.000 0.277 20 0.463 -0.022 0.4627 -0.0220
% 1773155657.5026045 robobot/cmd/ti rc 0.200 0.266 1773155657.5025022
% 1773155657.512524 robobot/cmd/ti rc 0.200 0.256 1773155657.5124154
% 1773155657.5223649 robobot/cmd/ti rc 0.200 0.246 1773155657.522222
% 1773155657.532202 robobot/cmd/ti rc 0.200 0.236 1773155657.532084
% 1773155657.5430772 robobot/cmd/ti rc 0.200 0.227 1773155657.542973
1773155657.543097 0 0.466 0.029 -0.025 1 0.00 1.00 0.000 0.227 20 0.471 -0.025 0.4708 -0.0254
1773155657.5485258 0 0.468 0.029 -0.025 1 0.00 1.00 0.000 0.227 20 0.472 -0.025 0.4724 -0.0254
% 1773155657.55301 robobot/cmd/ti rc 0.200 0.218 1773155657.5529103
% 1773155657.5537112 robobot/cmd/ti alive 2026-03-10 16:14:13.541784
% 1773155657.5632102 robobot/cmd/ti rc 0.200 0.209 1773155657.5627778
% 1773155657.572697 robobot/cmd/ti rc 0.200 0.201 1773155657.5726008
% 1773155657.582404 robobot/cmd/ti rc 0.200 0.193 1773155657.5823307
% 1773155657.5925946 robobot/cmd/ti rc 0.200 0.186 1773155657.5924587
1773155657.5979977 0 0.478 0.029 -0.023 1 0.00 1.00 0.000 0.186 20 0.482 -0.023 0.4823 -0.0231
% 1773155657.6024292 robobot/cmd/ti rc 0.200 0.178 1773155657.6023488
% 1773155657.6123502 robobot/cmd/ti rc 0.200 0.171 1773155657.612263
% 1773155657.6223395 robobot/cmd/ti rc 0.200 0.165 1773155657.6222262
% 1773155657.6323552 robobot/cmd/ti rc 0.200 0.158 1773155657.632275
% 1773155657.6421473 robobot/cmd/ti rc 0.200 0.152 1773155657.6420414
1773155657.6421654 0 0.487 0.029 -0.021 1 0.00 1.00 0.000 0.152 20 0.492 -0.021 0.4923 -0.0208
1773155657.648729 0 0.489 0.029 -0.020 1 0.00 1.00 0.000 0.152 20 0.494 -0.020 0.4940 -0.0197
% 1773155657.6531842 robobot/cmd/ti rc 0.200 0.146 1773155657.6530697
% 1773155657.6632595 robobot/cmd/ti rc 0.200 0.140 1773155657.6630547
% 1773155657.6725442 robobot/cmd/ti rc 0.200 0.135 1773155657.6724436
% 1773155657.6822197 robobot/cmd/ti rc 0.200 0.130 1773155657.6820922
% 1773155657.6931188 robobot/cmd/ti rc 0.200 0.125 1773155657.6929882
1773155657.6988735 0 0.499 0.028 -0.013 1 0.00 1.00 0.000 0.125 20 0.504 -0.013 0.5041 -0.0127
% 1773155657.7024693 robobot/cmd/ti rc 0.200 0.120 1773155657.7023642
% 1773155657.7124894 robobot/cmd/ti rc 0.200 0.115 1773155657.7124002
% 1773155657.7224967 robobot/cmd/ti rc 0.200 0.111 1773155657.7224133
% 1773155657.7329388 robobot/cmd/ti rc 0.200 0.106 1773155657.732852
% 1773155657.742912 robobot/cmd/ti rc 0.200 0.102 1773155657.7428398
1773155657.7429326 0 0.507 0.028 -0.006 1 0.00 1.00 0.000 0.102 20 0.512 -0.006 0.5119 -0.0058
1773155657.7485297 0 0.509 0.028 -0.005 1 0.00 1.00 0.000 0.102 20 0.513 -0.005 0.5134 -0.0046
% 1773155657.7522285 robobot/cmd/ti rc 0.200 0.098 1773155657.7521467
% 1773155657.7622333 robobot/cmd/ti rc 0.200 0.094 1773155657.7621484
% 1773155657.7723165 robobot/cmd/ti rc 0.200 0.091 1773155657.7722306
% 1773155657.78263 robobot/cmd/ti rc 0.200 0.087 1773155657.78253
% 1773155657.7926047 robobot/cmd/ti rc 0.200 0.084 1773155657.7925007
1773155657.7991848 0 0.519 0.028 0.004 1 0.00 1.00 0.000 0.084 20 0.523 0.003 0.5229 0.0035
% 1773155657.8027287 robobot/cmd/ti rc 0.200 0.080 1773155657.8026383
% 1773155657.8126845 robobot/cmd/ti rc 0.200 0.077 1773155657.8125978
% 1773155657.8225698 robobot/cmd/ti rc 0.200 0.074 1773155657.822482
% 1773155657.8326597 robobot/cmd/ti rc 0.200 0.071 1773155657.8325849
% 1773155657.8428748 robobot/cmd/ti rc 0.200 0.068 1773155657.8427842
1773155657.842898 0 0.527 0.028 0.009 1 0.00 1.00 0.000 0.068 20 0.532 0.009 0.5323 0.0093
1773155657.84855 0 0.529 0.028 0.013 1 0.00 1.00 0.000 0.068 20 0.534 0.013 0.5338 0.0127
% 1773155657.852977 robobot/cmd/ti rc 0.200 0.066 1773155657.8528924
% 1773155657.8631752 robobot/cmd/ti rc 0.200 0.063 1773155657.8630493
% 1773155657.8724406 robobot/cmd/ti rc 0.200 0.061 1773155657.8723307
% 1773155657.883077 robobot/cmd/ti rc 0.200 0.058 1773155657.8828971
% 1773155657.8926778 robobot/cmd/ti rc 0.200 0.056 1773155657.8925383
1773155657.8987284 0 0.539 0.029 0.021 1 0.00 1.00 0.000 0.056 20 0.543 0.021 0.5433 0.0208
% 1773155657.9022202 robobot/cmd/ti rc 0.200 0.054 1773155657.9020627
% 1773155657.9123318 robobot/cmd/ti rc 0.200 0.052 1773155657.912232
% 1773155657.9227216 robobot/cmd/ti rc 0.200 0.050 1773155657.9226248
% 1773155657.9328625 robobot/cmd/ti rc 0.200 0.048 1773155657.9327416
% 1773155657.942747 robobot/cmd/ti rc 0.200 0.046 1773155657.9426253
1773155657.9427705 0 0.546 0.029 0.025 1 0.00 1.00 0.000 0.046 20 0.551 0.025 0.5509 0.0254
1773155657.9494529 0 0.548 0.029 0.029 1 0.00 1.00 0.000 0.046 20 0.553 0.029 0.5529 0.0289
% 1773155657.9531577 robobot/cmd/ti rc 0.200 0.044 1773155657.953005
% 1773155657.9631777 robobot/cmd/ti rc 0.200 0.042 1773155657.9630463
% 1773155657.9722552 robobot/cmd/ti rc 0.200 0.041 1773155657.9721394
% 1773155657.9824076 robobot/cmd/ti rc 0.200 0.039 1773155657.9822228
% 1773155657.9924147 robobot/cmd/ti rc 0.200 0.038 1773155657.9923015
1773155657.9989965 0 0.558 0.029 0.034 1 0.00 1.00 0.000 0.038 20 0.562 0.034 0.5621 0.0335
% 1773155658.0024807 robobot/cmd/ti rc 0.200 0.036 1773155658.0023336
% 1773155658.0124526 robobot/cmd/ti rc 0.200 0.035 1773155658.0123558
% 1773155658.0227008 robobot/cmd/ti rc 0.200 0.033 1773155658.0225513
% 1773155658.0328937 robobot/cmd/ti rc 0.200 0.032 1773155658.0327346
% 1773155658.0549862 robobot/cmd/ti alive 2026-03-10 16:14:13.541784
% 1773155658.0765128 robobot/cmd/ti rc 0.200 0.031 1773155658.0763745
1773155658.0765443 0 0.566 0.029 0.037 1 0.00 1.00 0.000 0.031 20 0.572 0.037 0.5720 0.0370
1773155658.076823 0 0.568 0.029 0.037 1 0.00 1.00 0.000 0.031 20 0.573 0.037 0.5734 0.0370
% 1773155658.0771208 robobot/cmd/ti rc 0.200 0.030 1773155658.0770009
% 1773155658.077562 robobot/cmd/ti rc 0.200 0.028 1773155658.0774868
% 1773155658.078116 robobot/cmd/ti rc 0.200 0.027 1773155658.0780368
% 1773155658.0853925 robobot/cmd/ti rc 0.200 0.026 1773155658.0851774
% 1773155658.093045 robobot/cmd/ti rc 0.200 0.025 1773155658.0929317
1773155658.0986872 0 0.578 0.030 0.041 1 0.00 1.00 0.000 0.025 20 0.583 0.041 0.5828 0.0405
% 1773155658.1032028 robobot/cmd/ti rc 0.200 0.024 1773155658.1031063
% 1773155658.1133046 robobot/cmd/ti rc 0.200 0.023 1773155658.1131835
% 1773155658.1234798 robobot/cmd/ti rc 0.200 0.022 1773155658.1233702
% 1773155658.1324747 robobot/cmd/ti rc 0.200 0.022 1773155658.132364
% 1773155658.1424224 robobot/cmd/ti rc 0.200 0.021 1773155658.1423225
1773155658.1424453 0 0.586 0.030 0.044 1 0.00 1.00 0.000 0.021 20 0.591 0.044 0.5908 0.0439
1773155658.149127 0 0.587 0.030 0.045 1 0.00 1.00 0.000 0.021 20 0.592 0.045 0.5921 0.0451
% 1773155658.1525404 robobot/cmd/ti rc 0.200 0.020 1773155658.1524658
% 1773155658.1627452 robobot/cmd/ti rc 0.200 0.019 1773155658.1626174
% 1773155658.172768 robobot/cmd/ti rc 0.200 0.018 1773155658.1726599
% 1773155658.1826336 robobot/cmd/ti rc 0.200 0.018 1773155658.1825132
% 1773155658.1927218 robobot/cmd/ti rc 0.200 0.017 1773155658.192608
1773155658.1995542 0 0.597 0.031 0.049 1 0.00 1.00 0.000 0.017 20 0.601 0.049 0.6014 0.0486
% 1773155658.2030857 robobot/cmd/ti rc 0.200 0.016 1773155658.2029433
% 1773155658.2131116 robobot/cmd/ti rc 0.200 0.016 1773155658.2129893
% 1773155658.223184 robobot/cmd/ti rc 0.200 0.015 1773155658.223065
% 1773155658.2332659 robobot/cmd/ti rc 0.200 0.014 1773155658.2331746
% 1773155658.2431543 robobot/cmd/ti rc 0.200 0.014 1773155658.2430577
1773155658.243178 0 0.605 0.031 0.051 1 0.00 1.00 0.000 0.014 20 0.611 0.051 0.6110 0.0509
1773155658.2488432 0 0.608 0.031 0.052 1 0.00 1.00 0.000 0.014 20 0.613 0.052 0.6130 0.0520
% 1773155658.2522523 robobot/cmd/ti rc 0.200 0.013 1773155658.2521603
% 1773155658.2623084 robobot/cmd/ti rc 0.200 0.013 1773155658.262208
% 1773155658.272352 robobot/cmd/ti rc 0.200 0.012 1773155658.2722628
% 1773155658.2841234 robobot/cmd/ti rc 0.200 0.012 1773155658.2839684
% 1773155658.2931268 robobot/cmd/ti rc 0.200 0.011 1773155658.292977
1773155658.2995148 0 0.618 0.032 0.057 1 0.00 1.00 0.000 0.011 20 0.623 0.057 0.6228 0.0567
% 1773155658.3028867 robobot/cmd/ti rc 0.200 0.011 1773155658.3027673
% 1773155658.312961 robobot/cmd/ti rc 0.200 0.010 1773155658.3128135
% 1773155658.3229866 robobot/cmd/ti rc 0.200 0.010 1773155658.3228784
% 1773155658.333019 robobot/cmd/ti rc 0.200 0.010 1773155658.3329186
% 1773155658.3430305 robobot/cmd/ti rc 0.200 0.009 1773155658.342929
1773155658.3430545 0 0.626 0.032 0.059 1 0.00 2.00 0.000 0.009 20 0.631 0.059 0.6307 0.0590
1773155658.3496454 0 0.628 0.032 0.057 1 0.00 2.00 0.000 0.009 20 0.632 0.057 0.6323 0.0567
% 1773155658.353265 robobot/cmd/ti rc 0.200 0.009 1773155658.353162
% 1773155658.3631287 robobot/cmd/ti rc 0.200 0.009 1773155658.3630302
% 1773155658.373163 robobot/cmd/ti rc 0.200 0.008 1773155658.373063
% 1773155658.3831468 robobot/cmd/ti rc 0.200 0.008 1773155658.3830473
% 1773155658.3932295 robobot/cmd/ti rc 0.200 0.008 1773155658.393141
1773155658.4000392 0 0.638 0.033 0.058 1 0.00 2.00 0.000 0.008 20 0.642 0.058 0.6418 0.0578
% 1773155658.4024153 robobot/cmd/ti rc 0.200 0.007 1773155658.402317
% 1773155658.4124198 robobot/cmd/ti rc 0.200 0.007 1773155658.412331
% 1773155658.4223442 robobot/cmd/ti rc 0.200 0.007 1773155658.4222534
% 1773155658.4324408 robobot/cmd/ti rc 0.200 0.006 1773155658.4323556
% 1773155658.4424844 robobot/cmd/ti rc 0.200 0.006 1773155658.4423177
1773155658.4425106 0 0.646 0.033 0.059 1 0.00 2.00 0.000 0.006 20 0.651 0.059 0.6513 0.0590
1773155658.4502969 0 0.648 0.033 0.059 1 0.00 2.00 0.000 0.006 20 0.653 0.059 0.6527 0.0590
% 1773155658.452569 robobot/cmd/ti rc 0.200 0.006 1773155658.4524808
% 1773155658.462696 robobot/cmd/ti rc 0.200 0.006 1773155658.4625995
% 1773155658.4730084 robobot/cmd/ti rc 0.200 0.006 1773155658.472892
% 1773155658.4828098 robobot/cmd/ti rc 0.200 0.005 1773155658.4826424
% 1773155658.492881 robobot/cmd/ti rc 0.200 0.005 1773155658.4927137
1773155658.499555 0 0.658 0.034 0.059 1 0.00 1.00 0.000 0.005 20 0.662 0.059 0.6623 0.0590
% 1773155658.503036 robobot/cmd/ti rc 0.200 0.005 1773155658.5028834
% 1773155658.5130227 robobot/cmd/ti rc 0.200 0.005 1773155658.512928
% 1773155658.5231133 robobot/cmd/ti rc 0.200 0.005 1773155658.5230012
% 1773155658.533435 robobot/cmd/ti rc 0.200 0.004 1773155658.5332992
% 1773155658.5434906 robobot/cmd/ti rc 0.200 0.004 1773155658.543332
1773155658.5435195 0 0.666 0.035 0.058 1 0.00 2.00 0.000 0.004 20 0.671 0.058 0.6705 0.0578
1773155658.550438 0 0.668 0.035 0.059 1 0.00 2.00 0.000 0.004 20 0.672 0.059 0.6720 0.0590
% 1773155658.552904 robobot/cmd/ti rc 0.200 0.004 1773155658.5527966
% 1773155658.5561004 robobot/cmd/ti alive 2026-03-10 16:14:13.541784
% 1773155658.563089 robobot/cmd/ti rc 0.200 0.004 1773155658.5629697
% 1773155658.5731254 robobot/cmd/ti rc 0.200 0.004 1773155658.5730143
% 1773155658.583235 robobot/cmd/ti rc 0.200 0.004 1773155658.583118
% 1773155658.5924895 robobot/cmd/ti rc 0.200 0.003 1773155658.5923746
1773155658.600242 0 0.678 0.035 0.059 1 0.00 2.00 0.000 0.003 20 0.682 0.059 0.6817 0.0590
% 1773155658.6026366 robobot/cmd/ti rc 0.200 0.003 1773155658.6025145
% 1773155658.6125944 robobot/cmd/ti rc 0.200 0.003 1773155658.6124992
% 1773155658.622936 robobot/cmd/ti rc 0.200 0.003 1773155658.622847
% 1773155658.6332254 robobot/cmd/ti rc 0.200 0.003 1773155658.6331313
% 1773155658.6432579 robobot/cmd/ti rc 0.200 0.003 1773155658.6431725
1773155658.6433344 0 0.686 0.036 0.058 1 0.00 2.00 0.000 0.003 20 0.691 0.058 0.6915 0.0578
1773155658.6499822 0 0.688 0.036 0.059 1 0.00 2.00 0.000 0.003 20 0.693 0.059 0.6932 0.0590
% 1773155658.6524942 robobot/cmd/ti rc 0.200 0.003 1773155658.6524084
% 1773155658.6624289 robobot/cmd/ti rc 0.200 0.003 1773155658.6623387
% 1773155658.6727357 robobot/cmd/ti rc 0.200 0.002 1773155658.6726477
% 1773155658.6863573 robobot/cmd/ti rc 0.200 0.002 1773155658.6862016
% 1773155658.6926441 robobot/cmd/ti rc 0.200 0.002 1773155658.6924589
1773155658.7006695 0 0.698 0.036 0.059 1 0.00 2.00 0.000 0.002 20 0.703 0.059 0.7028 0.0590
% 1773155658.7030299 robobot/cmd/ti rc 0.200 0.002 1773155658.702875
% 1773155658.7131362 robobot/cmd/ti rc 0.200 0.002 1773155658.7130048
% 1773155658.7231278 robobot/cmd/ti rc 0.200 0.002 1773155658.7229664
% 1773155658.7336788 robobot/cmd/ti rc 0.200 0.002 1773155658.7329707
% 1773155658.7430527 robobot/cmd/ti rc 0.200 0.002 1773155658.742953
1773155658.7430797 0 0.706 0.037 0.057 1 0.00 2.00 0.000 0.002 20 0.711 0.057 0.7107 0.0567
1773155658.7498205 0 0.708 0.037 0.058 1 0.00 2.00 0.000 0.002 20 0.712 0.058 0.7125 0.0578
% 1773155658.753262 robobot/cmd/ti rc 0.200 0.002 1773155658.7531688
% 1773155658.7632556 robobot/cmd/ti rc 0.200 0.002 1773155658.7631683
% 1773155658.7732573 robobot/cmd/ti rc 0.200 0.002 1773155658.773174
% 1773155658.7831264 robobot/cmd/ti rc 0.200 -3.155 1773155658.7830372
% 1773155658.793361 robobot/cmd/ti rc 0.200 0.086 1773155658.793231
1773155658.800081 0 0.718 0.038 0.045 1 0.00 2.00 0.000 0.086 20 0.722 0.045 0.7221 0.0451
% 1773155658.8025167 robobot/cmd/ti rc 0.200 -3.074 1773155658.802379
% 1773155658.812545 robobot/cmd/ti rc 0.200 0.164 1773155658.8123953
% 1773155658.8225415 robobot/cmd/ti rc 0.200 0.157 1773155658.8224487
% 1773155658.8327715 robobot/cmd/ti rc 0.200 0.151 1773155658.8326876
% 1773155658.8424077 robobot/cmd/ti rc 0.200 0.145 1773155658.8423324
1773155658.842431 0 0.726 0.038 0.020 1 0.00 2.00 0.000 0.145 20 0.732 0.020 0.7317 0.0197
1773155658.8503032 0 0.728 0.038 0.016 1 0.00 2.00 0.000 0.145 20 0.733 0.016 0.7334 0.0162
% 1773155658.852573 robobot/cmd/ti rc 0.200 0.140 1773155658.852488
% 1773155658.8626287 robobot/cmd/ti rc 0.200 0.134 1773155658.8625426
% 1773155658.8727133 robobot/cmd/ti rc 0.200 0.129 1773155658.872626
% 1773155658.882956 robobot/cmd/ti rc 0.200 0.124 1773155658.8828266
% 1773155658.8931174 robobot/cmd/ti rc 0.200 0.119 1773155658.8929892
1773155658.900689 0 0.737 0.038 -0.004 1 0.00 2.00 0.000 0.119 20 0.743 -0.003 0.7427 -0.0035
% 1773155658.9030242 robobot/cmd/ti rc 0.200 0.114 1773155658.9029202
% 1773155658.9133713 robobot/cmd/ti rc 0.200 0.110 1773155658.913155
% 1773155658.923209 robobot/cmd/ti rc 0.200 0.106 1773155658.9231215
% 1773155658.933258 robobot/cmd/ti rc 0.200 0.101 1773155658.9331439
% 1773155658.9433427 robobot/cmd/ti rc 0.200 0.097 1773155658.9432297
1773155658.943369 0 0.745 0.038 -0.016 1 0.00 2.00 0.000 0.097 20 0.751 -0.016 0.7508 -0.0162
1773155658.9498436 0 0.747 0.038 -0.018 1 0.00 2.00 0.000 0.097 20 0.752 -0.018 0.7524 -0.0185
% 1773155658.9534328 robobot/cmd/ti rc 0.200 0.094 1773155658.9533372
% 1773155658.9633121 robobot/cmd/ti rc 0.200 0.090 1773155658.963186
% 1773155658.9734015 robobot/cmd/ti rc 0.200 0.086 1773155658.9733062
% 1773155658.982591 robobot/cmd/ti rc 0.200 0.083 1773155658.9823925
% 1773155658.9934478 robobot/cmd/ti rc 0.200 0.080 1773155658.993252
1773155659.000369 0 0.758 0.038 -0.025 1 0.00 2.00 0.000 0.080 20 0.762 -0.025 0.7623 -0.0254
% 1773155659.002697 robobot/cmd/ti rc 0.200 0.077 1773155659.0025978
% 1773155659.0128665 robobot/cmd/ti rc 0.200 0.074 1773155659.0127783
% 1773155659.022904 robobot/cmd/ti rc 0.200 0.071 1773155659.0228164
% 1773155659.032898 robobot/cmd/ti rc 0.200 0.068 1773155659.0328043
% 1773155659.0428743 robobot/cmd/ti rc 0.200 0.065 1773155659.0427856
1773155659.042901 0 0.766 0.037 -0.029 1 0.00 2.00 0.000 0.065 20 0.772 -0.029 0.7722 -0.0289
1773155659.050742 0 0.768 0.037 -0.027 1 0.00 2.00 0.000 0.065 20 0.774 -0.027 0.7738 -0.0266
% 1773155659.0532215 robobot/cmd/ti rc 0.200 0.063 1773155659.0531087
% 1773155659.0573254 robobot/cmd/ti alive 2026-03-10 16:14:13.541784
% 1773155659.063275 robobot/cmd/ti rc 0.200 0.060 1773155659.063072
% 1773155659.073254 robobot/cmd/ti rc 0.200 0.058 1773155659.073136
% 1773155659.083487 robobot/cmd/ti rc 0.200 0.056 1773155659.083351
% 1773155659.0925014 robobot/cmd/ti rc 0.200 0.054 1773155659.092371
1773155659.1012998 0 0.778 0.037 -0.028 1 0.00 2.00 0.000 0.054 20 0.784 -0.028 0.7837 -0.0278
% 1773155659.102648 robobot/cmd/ti rc 0.200 0.051 1773155659.1024406
% 1773155659.1129754 robobot/cmd/ti rc 0.200 0.049 1773155659.1127193
% 1773155659.1231 robobot/cmd/ti rc 0.200 0.048 1773155659.1229281
% 1773155659.1330445 robobot/cmd/ti rc 0.200 0.046 1773155659.132885
% 1773155659.142841 robobot/cmd/ti rc 0.200 0.044 1773155659.1427395
1773155659.1428678 0 0.786 0.037 -0.025 1 0.00 2.00 0.000 0.044 20 0.792 -0.025 0.7916 -0.0254
1773155659.1507723 0 0.788 0.037 -0.024 1 0.00 2.00 0.000 0.044 20 0.793 -0.024 0.7932 -0.0243
% 1773155659.1531742 robobot/cmd/ti rc 0.200 3.199 1773155659.1530488
% 1773155659.1633327 robobot/cmd/ti rc 0.200 3.113 1773155659.1632404
% 1773155659.173404 robobot/cmd/ti rc 0.200 3.030 1773155659.1732652
% 1773155659.1833954 robobot/cmd/ti rc 0.200 2.951 1773155659.1832733
% 1773155659.1934571 robobot/cmd/ti rc 0.200 2.875 1773155659.1933656
1773155659.201157 0 0.797 0.037 0.030 1 -1.00 2.00 1.000 2.875 20 0.805 0.030 0.8046 0.0301
% 1773155659.204461 robobot/cmd/ti rc 0.200 2.801 1773155659.203379
% 1773155659.2127388 robobot/cmd/ti rc 0.200 2.731 1773155659.2126014
% 1773155659.2227368 robobot/cmd/ti rc 0.200 2.663 1773155659.2225966
% 1773155659.2328131 robobot/cmd/ti rc 0.200 -0.559 1773155659.232716
% 1773155659.2429645 robobot/cmd/ti rc 0.200 -0.537 1773155659.2428064
1773155659.242993 0 0.805 0.037 0.117 1 0.00 3.00 0.000 -0.537 20 0.812 0.117 0.8124 0.1168
1773155659.2506163 0 0.806 0.037 0.131 1 0.00 3.00 0.000 -0.537 20 0.814 0.131 0.8137 0.1307
% 1773155659.253179 robobot/cmd/ti rc 0.200 -0.516 1773155659.253068
% 1773155659.26292 robobot/cmd/ti rc 0.200 -0.496 1773155659.262781
% 1773155659.273124 robobot/cmd/ti rc 0.200 -0.477 1773155659.273007
% 1773155659.2836998 robobot/cmd/ti rc 0.200 -0.458 1773155659.283524
% 1773155659.2935054 robobot/cmd/ti rc 0.200 -0.440 1773155659.2933512
1773155659.301326 0 0.815 0.039 0.186 1 0.00 3.50 0.000 -0.440 20 0.822 0.186 0.8223 0.1862
% 1773155659.3026404 robobot/cmd/ti rc 0.200 -0.423 1773155659.3024704
% 1773155659.312756 robobot/cmd/ti rc 0.200 -0.406 1773155659.3126268
% 1773155659.3227234 robobot/cmd/ti rc 0.200 -0.390 1773155659.3225708
% 1773155659.3326724 robobot/cmd/ti rc 0.200 -0.375 1773155659.332563
% 1773155659.342658 robobot/cmd/ti rc 0.200 -0.360 1773155659.3425596
1773155659.3426855 0 0.822 0.040 0.209 1 0.00 3.50 0.000 -0.360 20 0.830 0.209 0.8295 0.2093
1773155659.3515687 0 0.824 0.041 0.210 1 0.00 3.50 0.000 -0.360 20 0.831 0.210 0.8310 0.2105
% 1773155659.3528912 robobot/cmd/ti rc 0.200 -0.346 1773155659.3527744
% 1773155659.3628254 robobot/cmd/ti rc 0.200 -0.333 1773155659.3627245
% 1773155659.3728344 robobot/cmd/ti rc 0.200 -0.320 1773155659.3727334
% 1773155659.3827543 robobot/cmd/ti rc 0.200 -0.307 1773155659.382662
% 1773155659.3928106 robobot/cmd/ti rc 0.200 -0.295 1773155659.3927114
1773155659.4006715 0 0.834 0.043 0.203 1 0.00 3.50 0.000 -0.295 20 0.842 0.203 0.8420 0.2035
% 1773155659.4029567 robobot/cmd/ti rc 0.200 -0.284 1773155659.402861
% 1773155659.4130208 robobot/cmd/ti rc 0.200 -0.273 1773155659.4129229
% 1773155659.4230587 robobot/cmd/ti rc 0.200 -0.262 1773155659.4229627
% 1773155659.4330804 robobot/cmd/ti rc 0.200 -0.252 1773155659.4329858
% 1773155659.4429371 robobot/cmd/ti rc 0.200 -0.242 1773155659.442841
1773155659.442961 0 0.842 0.044 0.191 1 0.00 1.00 0.000 -0.242 20 0.850 0.191 0.8503 0.1908
1773155659.450771 0 0.844 0.045 0.189 1 0.00 1.00 0.000 -0.242 20 0.852 0.189 0.8519 0.1885
% 1773155659.4530547 robobot/cmd/ti rc 0.200 2.925 1773155659.4529696
% 1773155659.4630089 robobot/cmd/ti rc 0.200 2.849 1773155659.4629133
% 1773155659.4731097 robobot/cmd/ti rc 0.200 -0.380 1773155659.4730098
% 1773155659.4828458 robobot/cmd/ti rc 0.200 -0.365 1773155659.482683
% 1773155659.4929938 robobot/cmd/ti rc 0.200 2.806 1773155659.4928622
1773155659.5016453 0 0.854 0.047 0.189 1 -1.00 1.00 1.000 2.806 20 0.862 0.189 0.8619 0.1885
% 1773155659.5029488 robobot/cmd/ti rc 0.200 2.735 1773155659.5028417
% 1773155659.5130093 robobot/cmd/ti rc 0.200 2.668 1773155659.5129163
% 1773155659.5232096 robobot/cmd/ti rc 0.200 2.602 1773155659.5229805
% 1773155659.5331385 robobot/cmd/ti rc 0.200 2.540 1773155659.5329185
% 1773155659.5430164 robobot/cmd/ti rc 0.200 2.479 1773155659.5429275
1773155659.5430393 0 0.862 0.048 0.235 1 -1.00 1.00 1.000 2.479 20 0.871 0.235 0.8707 0.2348
1773155659.5507882 0 0.864 0.049 0.249 1 -1.00 1.00 1.000 2.479 20 0.872 0.249 0.8721 0.2486
% 1773155659.5532334 robobot/cmd/ti rc 0.200 2.421 1773155659.5531006
% 1773155659.5583792 robobot/cmd/ti alive 2026-03-10 16:14:13.541784
% 1773155659.5632536 robobot/cmd/ti rc 0.200 2.366 1773155659.563151
% 1773155659.5731785 robobot/cmd/ti rc 0.200 2.312 1773155659.5730395
% 1773155659.583176 robobot/cmd/ti rc 0.200 2.261 1773155659.5830364
% 1773155659.593184 robobot/cmd/ti rc 0.200 -0.945 1773155659.5930743
1773155659.6010342 0 0.873 0.052 0.338 1 0.00 1.00 0.000 -0.945 20 0.884 0.338 0.8840 0.3377
% 1773155659.6032526 robobot/cmd/ti rc 0.200 -0.908 1773155659.6031556
% 1773155659.6132295 robobot/cmd/ti rc 0.200 -0.873 1773155659.613141
% 1773155659.6232176 robobot/cmd/ti rc 0.200 -0.839 1773155659.6231146
% 1773155659.6331282 robobot/cmd/ti rc 0.200 -0.806 1773155659.6330473
% 1773155659.6431391 robobot/cmd/ti rc 0.200 -0.774 1773155659.6430545
1773155659.643161 0 0.880 0.054 0.383 1 0.00 1.00 0.000 -0.774 20 0.892 0.383 0.8917 0.3828
1773155659.6510465 0 0.882 0.055 0.396 1 0.00 1.00 0.000 -0.774 20 0.893 0.396 0.8932 0.3955
% 1773155659.6533973 robobot/cmd/ti rc 0.200 -0.744 1773155659.6532586
% 1773155659.6634257 robobot/cmd/ti rc 0.200 -0.715 1773155659.6633337
% 1773155659.674168 robobot/cmd/ti rc 0.200 -0.687 1773155659.67345
% 1773155659.6836762 robobot/cmd/ti rc 0.200 -0.660 1773155659.68354
% 1773155659.6936586 robobot/cmd/ti rc 0.200 -0.634 1773155659.6934814
1773155659.7013805 0 0.891 0.059 0.414 1 0.00 1.00 0.000 -0.634 20 0.902 0.414 0.9023 0.4140
% 1773155659.7026198 robobot/cmd/ti rc 0.200 -0.609 1773155659.7025213
% 1773155659.7128212 robobot/cmd/ti rc 0.200 -0.586 1773155659.7126803
% 1773155659.7229373 robobot/cmd/ti rc 0.200 -0.563 1773155659.7228067
% 1773155659.7329743 robobot/cmd/ti rc 0.200 -0.541 1773155659.732879
% 1773155659.742773 robobot/cmd/ti rc 0.200 -0.519 1773155659.7426558
1773155659.7427976 0 0.898 0.062 0.404 1 0.00 1.00 0.000 -0.519 20 0.910 0.404 0.9101 0.4036
1773155659.7515619 0 0.900 0.063 0.398 1 0.00 1.00 0.000 -0.519 20 0.912 0.398 0.9116 0.3978
% 1773155659.7528632 robobot/cmd/ti rc 0.200 -0.499 1773155659.7527783
% 1773155659.76285 robobot/cmd/ti rc 0.200 -0.480 1773155659.7627301
% 1773155659.7729185 robobot/cmd/ti rc 0.200 -0.461 1773155659.77283
% 1773155659.7830813 robobot/cmd/ti rc 0.200 -0.443 1773155659.7829525
% 1773155659.7931116 robobot/cmd/ti rc 0.200 -0.425 1773155659.7929533
1773155659.801771 0 0.910 0.067 0.370 1 0.00 1.00 0.000 -0.425 20 0.923 0.370 0.9227 0.3701
% 1773155659.803311 robobot/cmd/ti rc 0.200 -0.409 1773155659.8031461
% 1773155659.813101 robobot/cmd/ti rc 0.200 -0.393 1773155659.8130066
% 1773155659.8234313 robobot/cmd/ti rc 0.200 -0.377 1773155659.8232574
% 1773155659.8334339 robobot/cmd/ti rc 0.200 -0.363 1773155659.8333251
% 1773155659.8434284 robobot/cmd/ti rc 0.200 -0.348 1773155659.8433325
1773155659.8434534 0 0.917 0.069 0.346 1 0.00 1.00 0.000 -0.348 20 0.931 0.346 0.9310 0.3458
1773155659.8522515 0 0.919 0.070 0.342 1 0.00 1.00 0.000 -0.348 20 0.933 0.342 0.9328 0.3423
% 1773155659.853577 robobot/cmd/ti rc 0.200 -0.335 1773155659.8534877
% 1773155659.8634415 robobot/cmd/ti rc 0.200 -0.322 1773155659.8633535
% 1773155659.873511 robobot/cmd/ti rc 0.200 -0.309 1773155659.8734243
% 1773155659.8843668 robobot/cmd/ti rc 0.200 -0.297 1773155659.884221
% 1773155659.8932815 robobot/cmd/ti rc 0.200 -0.285 1773155659.8931599
1773155659.9022396 0 0.929 0.073 0.317 1 0.00 1.00 0.000 -0.285 20 0.943 0.317 0.9425 0.3169
% 1773155659.903584 robobot/cmd/ti rc 0.200 -0.274 1773155659.9034197
% 1773155659.9137166 robobot/cmd/ti rc 0.200 -0.263 1773155659.9135742
% 1773155659.9235919 robobot/cmd/ti rc 0.200 -0.253 1773155659.923504
% 1773155659.9335372 robobot/cmd/ti rc 0.200 -0.243 1773155659.9333904
% 1773155659.943531 robobot/cmd/ti rc 0.200 -0.234 1773155659.9433932
1773155659.943556 0 0.937 0.076 0.302 1 0.00 1.00 0.000 -0.234 20 0.951 0.302 0.9511 0.3018
1773155659.9524672 0 0.939 0.077 0.298 1 0.00 1.00 0.000 -0.234 20 0.953 0.298 0.9526 0.2984
% 1773155659.9537823 robobot/cmd/ti rc 0.200 -0.225 1773155659.95361
% 1773155659.9638007 robobot/cmd/ti rc 0.200 -0.216 1773155659.9636045
% 1773155659.9729493 robobot/cmd/ti rc 0.200 -0.207 1773155659.9728053
% 1773155659.9829605 robobot/cmd/ti rc 0.200 -0.199 1773155659.98284
% 1773155659.9929702 robobot/cmd/ti rc 0.200 2.965 1773155659.9928658
1773155660.001864 0 0.948 0.080 0.287 1 -1.00 1.00 1.000 2.965 20 0.964 0.287 0.9640 0.2868
% 1773155660.0030801 robobot/cmd/ti rc 0.200 2.889 1773155660.0029929
% 1773155660.013169 robobot/cmd/ti rc 0.200 2.815 1773155660.0130758
% 1773155660.0232859 robobot/cmd/ti rc 0.200 2.744 1773155660.0231597
% 1773155660.0335102 robobot/cmd/ti rc 0.200 2.675 1773155660.0334153
% 1773155660.0436926 robobot/cmd/ti rc 0.200 2.610 1773155660.0435925
1773155660.043724 0 0.956 0.082 0.333 1 -1.00 1.00 1.000 2.610 20 0.972 0.333 0.9719 0.3331
1773155660.0523033 0 0.958 0.083 0.349 1 -1.00 1.00 1.000 2.610 20 0.974 0.349 0.9737 0.3493
% 1773155660.053662 robobot/cmd/ti rc 0.200 2.547 1773155660.0534527
% 1773155660.0595117 robobot/cmd/ti alive 2026-03-10 16:14:13.541784
% 1773155660.0638525 robobot/cmd/ti rc 0.200 -0.671 1773155660.0636153
% 1773155660.0734355 robobot/cmd/ti rc 0.200 -0.644 1773155660.0731268
% 1773155660.0838594 robobot/cmd/ti rc 0.200 -0.619 1773155660.083613
% 1773155660.0940456 robobot/cmd/ti rc 0.200 -0.595 1773155660.0936525
1773155660.1025274 0 0.966 0.086 0.401 1 0.00 1.00 0.000 -0.595 20 0.982 0.401 0.9823 0.4013
% 1773155660.1039877 robobot/cmd/ti rc 0.200 -0.572 1773155660.103768
% 1773155660.1129313 robobot/cmd/ti rc 0.200 -0.549 1773155660.1127396
% 1773155660.1229045 robobot/cmd/ti rc 0.200 -0.528 1773155660.1227207
% 1773155660.134005 robobot/cmd/ti rc 0.200 -0.507 1773155660.1339147
% 1773155660.1430511 robobot/cmd/ti rc 0.200 -0.487 1773155660.14292
1773155660.1430752 0 0.972 0.089 0.427 1 0.00 1.00 0.000 -0.487 20 0.990 0.427 0.9895 0.4267
1773155660.1529539 0 0.974 0.089 0.431 1 0.00 1.00 0.000 -0.487 20 0.991 0.431 0.9912 0.4314
% 1773155660.1532605 robobot/cmd/ti rc 0.200 -0.468 1773155660.1531713
% 1773155660.163223 robobot/cmd/ti rc 0.200 -0.450 1773155660.1630342
% 1773155660.1731143 robobot/cmd/ti rc 0.200 -0.432 1773155660.1730218
% 1773155660.1832092 robobot/cmd/ti rc 0.200 -0.415 1773155660.1830146
% 1773155660.1931255 robobot/cmd/ti rc 0.200 -0.399 1773155660.1930294
1773155660.2020006 0 0.983 0.093 0.430 1 0.00 1.00 0.000 -0.399 20 1.002 0.430 1.0020 0.4302
% 1773155660.2032366 robobot/cmd/ti rc 0.200 -0.383 1773155660.203146
% 1773155660.2133024 robobot/cmd/ti rc 0.200 -0.368 1773155660.213211
% 1773155660.223209 robobot/cmd/ti rc 0.200 -0.354 1773155660.2231333
% 1773155660.2332354 robobot/cmd/ti rc 0.200 -0.340 1773155660.2331564
% 1773155660.2436392 robobot/cmd/ti rc 0.200 -0.327 1773155660.24354
1773155660.2436638 0 0.990 0.097 0.420 1 0.00 1.00 0.000 -0.327 20 1.010 0.420 1.0104 0.4198
1773155660.252364 0 0.992 0.098 0.415 1 0.00 1.00 0.000 -0.327 20 1.012 0.415 1.0119 0.4152
% 1773155660.2536333 robobot/cmd/ti rc 0.200 -0.314 1773155660.2535412
% 1773155660.263625 robobot/cmd/ti rc 0.200 2.855 1773155660.2635376
% 1773155660.273758 robobot/cmd/ti rc 0.200 2.783 1773155660.2736719
% 1773155660.2846768 robobot/cmd/ti rc 0.200 2.713 1773155660.284359
% 1773155660.293391 robobot/cmd/ti rc 0.200 2.646 1773155660.293138
1773155660.3021116 0 1.001 0.102 0.438 1 -1.00 1.00 1.000 2.646 20 1.022 0.438 1.0222 0.4383
% 1773155660.3034608 robobot/cmd/ti rc 0.200 2.581 1773155660.3032522
% 1773155660.3134522 robobot/cmd/ti rc 0.200 2.519 1773155660.313361
% 1773155660.3234572 robobot/cmd/ti rc 0.200 -0.697 1773155660.323359
% 1773155660.333684 robobot/cmd/ti rc 0.200 -0.670 1773155660.3334818
% 1773155660.3434982 robobot/cmd/ti rc 0.200 -0.643 1773155660.3434126
1773155660.3435218 0 1.009 0.106 0.481 1 0.00 1.00 0.000 -0.643 20 1.030 0.481 1.0304 0.4811
1773155660.3522527 0 1.010 0.106 0.482 1 0.00 1.00 0.000 -0.643 20 1.032 0.482 1.0318 0.4823
% 1773155660.3537052 robobot/cmd/ti rc 0.200 -0.618 1773155660.353497
% 1773155660.3635874 robobot/cmd/ti rc 0.200 -0.594 1773155660.3633926
% 1773155660.37369 robobot/cmd/ti rc 0.200 -0.571 1773155660.3734934
% 1773155660.383702 robobot/cmd/ti rc 0.200 -0.549 1773155660.3835087
% 1773155660.3938785 robobot/cmd/ti rc 0.200 -0.527 1773155660.3936772
1773155660.4024444 0 1.019 0.111 0.508 1 0.00 1.00 0.000 -0.527 20 1.043 0.508 1.0426 0.5077
% 1773155660.403897 robobot/cmd/ti rc 0.200 2.651 1773155660.4036825
% 1773155660.4138174 robobot/cmd/ti rc 0.200 -0.571 1773155660.413617
% 1773155660.4238436 robobot/cmd/ti rc 0.200 -0.549 1773155660.4236388
% 1773155660.4339814 robobot/cmd/ti rc 0.200 -0.527 1773155660.4337583
% 1773155660.4439802 robobot/cmd/ti rc 0.200 -0.507 1773155660.443772
1773155660.4440062 0 1.026 0.115 0.524 1 0.00 1.00 0.000 -0.507 20 1.051 0.524 1.0508 0.5239
1773155660.452708 0 1.027 0.116 0.524 1 0.00 1.00 0.000 -0.507 20 1.052 0.524 1.0524 0.5239
% 1773155660.4530647 robobot/cmd/ti rc 0.200 -0.487 1773155660.4528713
% 1773155660.4639223 robobot/cmd/ti rc 0.200 -0.468 1773155660.4638407
% 1773155660.472878 robobot/cmd/ti rc 0.200 -0.449 1773155660.4727962
% 1773155660.484013 robobot/cmd/ti rc 0.200 -0.432 1773155660.4838283
% 1773155660.4939356 robobot/cmd/ti rc 0.200 2.742 1773155660.4937503
1773155660.5027585 0 1.036 0.121 0.518 1 -1.00 1.00 1.000 2.742 20 1.062 0.518 1.0620 0.5181
% 1773155660.5029566 robobot/cmd/ti rc 0.200 2.674 1773155660.5028548
% 1773155660.5129862 robobot/cmd/ti rc 0.200 2.608 1773155660.5129008
% 1773155660.5239966 robobot/cmd/ti rc 0.200 2.545 1773155660.5239115
% 1773155660.5339327 robobot/cmd/ti rc 0.200 2.485 1773155660.5338416
% 1773155660.5429227 robobot/cmd/ti rc 0.200 2.427 1773155660.5428362
1773155660.542946 0 1.043 0.125 0.554 1 -1.00 1.00 1.000 2.427 20 1.070 0.554 1.0699 0.5540
1773155660.5528083 0 1.044 0.126 0.564 1 -1.00 1.00 1.000 2.427 20 1.072 0.564 1.0715 0.5644
% 1773155660.5530283 robobot/cmd/ti rc 0.200 2.371 1773155660.5529435
% 1773155660.5606182 robobot/cmd/ti alive 2026-03-10 16:14:13.541784
% 1773155660.5637474 robobot/cmd/ti rc 0.200 2.317 1773155660.5635648
% 1773155660.573748 robobot/cmd/ti rc 0.200 -0.891 1773155660.573638
% 1773155660.5836453 robobot/cmd/ti rc 0.200 -0.856 1773155660.5834997
% 1773155660.5938208 robobot/cmd/ti rc 0.200 -0.823 1773155660.5937057
1773155660.6027098 0 1.052 0.131 0.613 1 0.00 1.00 0.000 -0.823 20 1.083 0.613 1.0831 0.6129
% 1773155660.603991 robobot/cmd/ti rc 0.200 -0.791 1773155660.603879
% 1773155660.613101 robobot/cmd/ti rc 0.200 -0.760 1773155660.613004
% 1773155660.623774 robobot/cmd/ti rc 0.200 -0.730 1773155660.62368
% 1773155660.6331139 robobot/cmd/ti rc 0.200 -0.701 1773155660.6330295
% 1773155660.6432648 robobot/cmd/ti rc 0.200 -0.674 1773155660.6431298
1773155660.6433642 0 1.059 0.136 0.638 1 0.00 1.00 0.000 -0.674 20 1.091 0.638 1.0909 0.6384
1773155660.6531122 0 1.061 0.137 0.643 1 0.00 1.00 0.000 -0.674 20 1.093 0.643 1.0927 0.6430
% 1773155660.6533442 robobot/cmd/ti rc 0.200 -0.648 1773155660.6532183
% 1773155660.6634622 robobot/cmd/ti rc 0.200 -0.622 1773155660.6633654
% 1773155660.6738002 robobot/cmd/ti rc 0.200 -0.598 1773155660.6737003
% 1773155660.6835408 robobot/cmd/ti rc 0.200 -0.574 1773155660.6833963
% 1773155660.6936026 robobot/cmd/ti rc 0.200 -0.552 1773155660.6934104
1773155660.7036228 0 1.068 0.143 0.643 1 0.00 1.00 0.000 -0.552 20 1.102 0.643 1.1023 0.6430
% 1773155660.7039757 robobot/cmd/ti rc 0.200 -0.530 1773155660.7037833
% 1773155660.7138848 robobot/cmd/ti rc 0.200 -0.510 1773155660.7137246
% 1773155660.7230275 robobot/cmd/ti rc 0.200 -0.490 1773155660.72287
% 1773155660.733214 robobot/cmd/ti rc 0.200 -0.470 1773155660.7331023
% 1773155660.7433035 robobot/cmd/ti rc 0.200 -0.452 1773155660.7431574
1773155660.743329 0 1.075 0.148 0.625 1 0.00 1.00 0.000 -0.452 20 1.110 0.625 1.1102 0.6245
1773155660.7532763 0 1.077 0.149 0.620 1 0.00 1.00 0.000 -0.452 20 1.112 0.620 1.1119 0.6199
% 1773155660.7536545 robobot/cmd/ti rc 0.200 -0.434 1773155660.753474
% 1773155660.7635248 robobot/cmd/ti rc 0.200 -0.417 1773155660.7633781
% 1773155660.773497 robobot/cmd/ti rc 0.200 -0.401 1773155660.7733514
% 1773155660.7834806 robobot/cmd/ti rc 0.200 -0.385 1773155660.7833312
% 1773155660.79366 robobot/cmd/ti rc 0.200 -0.370 1773155660.793508
1773155660.8035152 0 1.085 0.155 0.592 1 0.00 1.00 0.000 -0.370 20 1.123 0.592 1.1232 0.5921
% 1773155660.8037496 robobot/cmd/ti rc 0.200 -0.356 1773155660.8036087
% 1773155660.8137517 robobot/cmd/ti rc 0.200 -0.342 1773155660.8135982
% 1773155660.8236818 robobot/cmd/ti rc 0.200 -0.328 1773155660.8235412
% 1773155660.8337018 robobot/cmd/ti rc 0.200 -0.316 1773155660.8335652
% 1773155660.8437457 robobot/cmd/ti rc 0.200 -0.303 1773155660.8436055
1773155660.843773 0 1.092 0.159 0.573 1 0.00 1.00 0.000 -0.303 20 1.132 0.573 1.1316 0.5725
1773155660.8536725 0 1.093 0.160 0.564 1 0.00 1.00 0.000 -0.303 20 1.133 0.564 1.1331 0.5644
% 1773155660.853935 robobot/cmd/ti rc 0.200 -0.291 1773155660.8537805
% 1773155660.863889 robobot/cmd/ti rc 0.200 -0.280 1773155660.8637366
% 1773155660.874079 robobot/cmd/ti rc 0.200 -0.269 1773155660.8739786
% 1773155660.8849478 robobot/cmd/ti rc 0.200 -0.259 1773155660.884778
% 1773155660.894349 robobot/cmd/ti rc 0.200 -0.248 1773155660.8942149
1773155660.9032848 0 1.102 0.166 0.547 1 0.00 1.00 0.000 -0.248 20 1.143 0.547 1.1432 0.5470
% 1773155660.90469 robobot/cmd/ti rc 0.200 -0.239 1773155660.9044352
% 1773155660.914648 robobot/cmd/ti rc 0.200 -0.229 1773155660.9145255
% 1773155660.9247112 robobot/cmd/ti rc 0.200 -0.220 1773155660.924602
% 1773155660.9336698 robobot/cmd/ti rc 0.200 -0.212 1773155660.9335775
% 1773155660.944683 robobot/cmd/ti rc 0.200 2.954 1773155660.9445946
1773155660.9447072 0 1.109 0.170 0.537 1 -1.00 1.00 1.000 2.954 20 1.151 0.537 1.1512 0.5366
1773155660.9534707 0 1.111 0.171 0.534 1 -1.00 1.00 1.000 2.954 20 1.153 0.534 1.1531 0.5343
% 1773155660.9537005 robobot/cmd/ti rc 0.200 2.877 1773155660.9536152
% 1773155660.9637437 robobot/cmd/ti rc 0.200 2.804 1773155660.9636538
% 1773155660.9739516 robobot/cmd/ti rc 0.200 2.733 1773155660.9737542
% 1773155660.9839275 robobot/cmd/ti rc 0.200 2.665 1773155660.9837701
% 1773155660.994011 robobot/cmd/ti rc 0.200 -0.557 1773155660.9939141
1773155661.0038521 0 1.119 0.176 0.586 1 0.00 1.00 0.000 -0.557 20 1.164 0.586 1.1640 0.5863
% 1773155661.0040953 robobot/cmd/ti rc 0.200 2.622 1773155661.0040042
% 1773155661.0141296 robobot/cmd/ti rc 0.200 -0.599 1773155661.0140278
% 1773155661.024222 robobot/cmd/ti rc 0.200 -0.575 1773155661.024024
% 1773155661.0344133 robobot/cmd/ti rc 0.200 -0.553 1773155661.0342045
% 1773155661.0444849 robobot/cmd/ti rc 0.200 -0.531 1773155661.0442865
1773155661.044511 0 1.125 0.180 0.623 1 0.00 1.00 0.000 -0.531 20 1.172 0.623 1.1717 0.6233
1773155661.0532405 0 1.126 0.181 0.629 1 0.00 1.00 0.000 -0.531 20 1.173 0.629 1.1730 0.6291
% 1773155661.0546618 robobot/cmd/ti rc 0.200 -0.510 1773155661.0544105
% 1773155661.061867 robobot/cmd/ti alive 2026-03-10 16:14:13.541784
% 1773155661.0645227 robobot/cmd/ti rc 0.200 -0.490 1773155661.0644112
% 1773155661.0755851 robobot/cmd/ti rc 0.200 -0.471 1773155661.075298
% 1773155661.085629 robobot/cmd/ti rc 0.200 -0.453 1773155661.08468
% 1773155661.0939581 robobot/cmd/ti rc 0.200 -0.435 1773155661.0938344
1773155661.1039503 0 1.134 0.187 0.656 1 0.00 1.00 0.000 -0.435 20 1.182 0.656 1.1817 0.6557
% 1773155661.1042883 robobot/cmd/ti rc 0.200 -0.418 1773155661.1040592
% 1773155661.1143203 robobot/cmd/ti rc 0.200 -0.402 1773155661.1141112
% 1773155661.1243205 robobot/cmd/ti rc 0.200 -0.386 1773155661.124127
% 1773155661.1342144 robobot/cmd/ti rc 0.200 -0.371 1773155661.1340227
% 1773155661.1442685 robobot/cmd/ti rc 0.200 -0.356 1773155661.144062
1773155661.1442962 0 1.140 0.192 0.655 1 0.00 1.00 0.000 -0.356 20 1.190 0.655 1.1896 0.6546
1773155661.1542907 0 1.142 0.193 0.651 1 0.00 1.00 0.000 -0.356 20 1.193 0.651 1.1931 0.6511
% 1773155661.1545472 robobot/cmd/ti rc 0.200 -0.342 1773155661.1543975
% 1773155661.164608 robobot/cmd/ti rc 0.200 -0.329 1773155661.1644688
% 1773155661.1746562 robobot/cmd/ti rc 0.200 -0.316 1773155661.174521
% 1773155661.1845546 robobot/cmd/ti rc 0.200 -0.304 1773155661.1844177
% 1773155661.1946495 robobot/cmd/ti rc 0.200 -0.292 1773155661.194513
1773155661.2045505 0 1.150 0.200 0.641 1 0.00 1.00 0.000 -0.292 20 1.203 0.641 1.2030 0.6407
% 1773155661.2047856 robobot/cmd/ti rc 0.200 -0.280 1773155661.2046514
% 1773155661.2146966 robobot/cmd/ti rc 0.200 -0.269 1773155661.2145662
% 1773155661.2248218 robobot/cmd/ti rc 0.200 -0.259 1773155661.2246997
% 1773155661.2350276 robobot/cmd/ti rc 0.200 -0.249 1773155661.2348495
% 1773155661.2448907 robobot/cmd/ti rc 0.200 -0.239 1773155661.244724
1773155661.244921 0 1.157 0.204 0.629 1 0.00 1.00 0.000 -0.239 20 1.211 0.629 1.2113 0.6291
1773155661.2545774 0 1.159 0.206 0.625 1 0.00 1.00 0.000 -0.239 20 1.213 0.625 1.2131 0.6245
% 1773155661.254847 robobot/cmd/ti rc 0.200 -0.230 1773155661.2546942
% 1773155661.2649004 robobot/cmd/ti rc 0.200 -0.221 1773155661.264712
% 1773155661.2741983 robobot/cmd/ti rc 0.200 -0.212 1773155661.2741013
% 1773155661.2842362 robobot/cmd/ti rc 0.200 -0.204 1773155661.284085
% 1773155661.2942019 robobot/cmd/ti rc 0.200 -0.196 1773155661.2940762
1773155661.3040664 0 1.167 0.212 0.611 1 0.00 1.00 0.000 -0.196 20 1.223 0.611 1.2228 0.6106
% 1773155661.3042624 robobot/cmd/ti rc 0.200 -0.188 1773155661.304163
% 1773155661.3143404 robobot/cmd/ti rc 0.200 -0.181 1773155661.3141124
% 1773155661.3243868 robobot/cmd/ti rc 0.200 -0.174 1773155661.3242908
% 1773155661.334375 robobot/cmd/ti rc 0.200 -0.167 1773155661.334289
% 1773155661.3443487 robobot/cmd/ti rc 0.200 -0.160 1773155661.3442605
1773155661.3443732 0 1.173 0.216 0.597 1 0.00 1.00 0.000 -0.160 20 1.231 0.597 1.2308 0.5968
1773155661.3543565 0 1.175 0.217 0.596 1 0.00 1.00 0.000 -0.160 20 1.234 0.596 1.2340 0.5956
% 1773155661.354535 robobot/cmd/ti rc 0.200 -0.154 1773155661.3544464
% 1773155661.364793 robobot/cmd/ti rc 0.200 -0.148 1773155661.3647048
% 1773155661.3745403 robobot/cmd/ti rc 0.200 -0.142 1773155661.3744555
% 1773155661.3844664 robobot/cmd/ti rc 0.200 -0.137 1773155661.3843863
% 1773155661.3945067 robobot/cmd/ti rc 0.200 -0.131 1773155661.3944118
1773155661.404447 0 1.184 0.223 0.586 1 0.00 1.00 0.000 -0.131 20 1.244 0.586 1.2436 0.5863
% 1773155661.4046159 robobot/cmd/ti rc 0.200 -0.126 1773155661.404533
% 1773155661.4148104 robobot/cmd/ti rc 0.200 -0.121 1773155661.4146852
% 1773155661.4247181 robobot/cmd/ti rc 0.200 -0.116 1773155661.4246264
% 1773155661.434857 robobot/cmd/ti rc 0.200 -0.112 1773155661.4346666
% 1773155661.4447834 robobot/cmd/ti rc 0.200 -0.108 1773155661.4446573
1773155661.4448078 0 1.190 0.227 0.579 1 0.00 1.00 0.000 -0.108 20 1.252 0.579 1.2517 0.5794
1773155661.4547348 0 1.192 0.229 0.579 1 0.00 1.00 0.000 -0.108 20 1.253 0.579 1.2535 0.5794
% 1773155661.4549294 robobot/cmd/ti rc 0.200 -0.103 1773155661.4548378
% 1773155661.4649293 robobot/cmd/ti rc 0.200 -0.099 1773155661.4648077
% 1773155661.4739802 robobot/cmd/ti rc 0.200 -0.095 1773155661.4738889
% 1773155661.4843333 robobot/cmd/ti rc 0.200 -0.092 1773155661.4841552
% 1773155661.494229 robobot/cmd/ti rc 0.200 -0.088 1773155661.4941068
1773155661.5042257 0 1.201 0.234 0.571 1 0.00 1.00 0.000 -0.088 20 1.263 0.571 1.2631 0.5713
% 1773155661.5044491 robobot/cmd/ti rc 0.200 -0.085 1773155661.5043297
% 1773155661.5144784 robobot/cmd/ti rc 0.200 -0.081 1773155661.514387
% 1773155661.524841 robobot/cmd/ti rc 0.200 -0.078 1773155661.5247393
% 1773155661.5350258 robobot/cmd/ti rc 0.200 -0.075 1773155661.534894
% 1773155661.5450277 robobot/cmd/ti rc 0.200 -0.072 1773155661.5449007
1773155661.5450556 0 1.207 0.238 0.564 1 0.00 1.00 0.000 -0.072 20 1.271 0.564 1.2711 0.5644
1773155661.5538847 0 1.209 0.239 0.564 1 0.00 1.00 0.000 -0.072 20 1.274 0.564 1.2744 0.5644
% 1773155661.554211 robobot/cmd/ti rc 0.200 -0.069 1773155661.5540767
% 1773155661.5629928 robobot/cmd/ti alive 2026-03-10 16:14:13.541784
% 1773155661.5640924 robobot/cmd/ti rc 0.200 -0.067 1773155661.5640118
% 1773155661.5741317 robobot/cmd/ti rc 0.200 -0.064 1773155661.5740042
% 1773155661.584286 robobot/cmd/ti rc 0.200 -0.061 1773155661.5840285
% 1773155661.5943637 robobot/cmd/ti rc 0.200 -0.059 1773155661.5942545
1773155661.6042247 0 1.217 0.245 0.560 1 0.00 1.00 0.000 -0.059 20 1.284 0.560 1.2839 0.5597
% 1773155661.6044064 robobot/cmd/ti rc 0.200 -0.057 1773155661.6043136
% 1773155661.6142733 robobot/cmd/ti rc 0.200 -0.055 1773155661.6141489
% 1773155661.6242723 robobot/cmd/ti rc 0.200 -0.052 1773155661.6241543
% 1773155661.6342845 robobot/cmd/ti rc 0.200 -0.050 1773155661.634169
% 1773155661.6444263 robobot/cmd/ti rc 0.200 -0.048 1773155661.6441474
1773155661.6444523 0 1.224 0.249 0.553 1 0.00 1.00 0.000 -0.048 20 1.292 0.553 1.2916 0.5528
1773155661.6541538 0 1.226 0.250 0.554 1 0.00 1.00 0.000 -0.048 20 1.293 0.554 1.2933 0.5540
% 1773155661.654337 robobot/cmd/ti rc 0.200 -0.047 1773155661.6542375
% 1773155661.664411 robobot/cmd/ti rc 0.200 -0.045 1773155661.6642764
% 1773155661.6745229 robobot/cmd/ti rc 0.200 -0.043 1773155661.6744022
% 1773155661.685563 robobot/cmd/ti rc 0.200 -0.041 1773155661.6850414
% 1773155661.6947021 robobot/cmd/ti rc 0.200 -0.040 1773155661.6945884
% 1773155661.704592 robobot/cmd/ti rc 0.200 -0.038 1773155661.704507
1773155661.704678 0 1.234 0.255 0.549 1 0.00 1.00 0.000 -0.038 20 1.303 0.549 1.3029 0.5493
% 1773155661.7146025 robobot/cmd/ti rc 0.200 -0.037 1773155661.7145185
% 1773155661.7245908 robobot/cmd/ti rc 0.200 -0.035 1773155661.7245123
% 1773155661.7345903 robobot/cmd/ti rc 0.200 -0.034 1773155661.7345035
% 1773155661.7447178 robobot/cmd/ti rc 0.200 3.124 1773155661.7444665
1773155661.7447455 0 1.240 0.259 0.545 1 -1.00 1.00 1.000 3.124 20 1.311 0.545 1.3106 0.5447
% 1773155661.7548792 robobot/cmd/ti rc 0.200 3.041 1773155661.7547693
1773155661.75497 0 1.243 0.260 0.546 1 -1.00 1.00 1.000 3.041 20 1.314 0.546 1.3143 0.5459
% 1773155661.7641478 robobot/cmd/ti rc 0.200 -0.196 1773155661.7640061
% 1773155661.774244 robobot/cmd/ti rc 0.200 -0.188 1773155661.7741199
% 1773155661.7841215 robobot/cmd/ti rc 0.200 -0.180 1773155661.7840364
% 1773155661.7944171 robobot/cmd/ti rc 0.200 -0.173 1773155661.7943032
% 1773155661.8045504 robobot/cmd/ti rc 0.200 -0.167 1773155661.8044584
1773155661.8056192 0 1.251 0.265 0.574 1 0.00 1.00 0.000 -0.167 20 1.324 0.574 1.3236 0.5736
% 1773155661.8145416 robobot/cmd/ti rc 0.200 -0.160 1773155661.8144305
% 1773155661.8246865 robobot/cmd/ti rc 0.200 -0.154 1773155661.824561
% 1773155661.8348594 robobot/cmd/ti rc 0.200 3.009 1773155661.8347347
% 1773155661.8447917 robobot/cmd/ti rc 0.200 2.930 1773155661.84467
1773155661.8448184 0 1.257 0.269 0.590 1 -1.00 1.00 1.000 2.930 20 1.332 0.590 1.3316 0.5898
% 1773155661.855024 robobot/cmd/ti rc 0.200 2.855 1773155661.8547623
1773155661.8551378 0 1.259 0.271 0.613 1 -1.00 1.00 1.000 2.855 20 1.334 0.613 1.3335 0.6129
% 1773155661.8643 robobot/cmd/ti rc 0.200 -0.375 1773155661.8641942
% 1773155661.8746636 robobot/cmd/ti rc 0.200 -0.360 1773155661.874525
% 1773155661.885253 robobot/cmd/ti rc 0.200 -0.346 1773155661.8850412
% 1773155661.8950183 robobot/cmd/ti rc 0.200 -0.332 1773155661.8949237
% 1773155661.9049642 robobot/cmd/ti rc 0.200 -0.319 1773155661.9048843
1773155661.905047 0 1.267 0.277 0.650 1 0.00 1.00 0.000 -0.319 20 1.343 0.650 1.3430 0.6500
% 1773155661.9149797 robobot/cmd/ti rc 0.200 -0.307 1773155661.9148574
% 1773155661.9249573 robobot/cmd/ti rc 0.200 -0.295 1773155661.9248707
% 1773155661.9351795 robobot/cmd/ti rc 0.200 -0.283 1773155661.9350567
% 1773155661.9454615 robobot/cmd/ti rc 0.200 -0.272 1773155661.945304
1773155661.945492 0 1.272 0.281 0.665 1 0.00 1.00 0.000 -0.272 20 1.351 0.665 1.3508 0.6650
% 1773155661.9544275 robobot/cmd/ti rc 0.200 -0.262 1773155661.9543185
1773155661.9554775 0 1.275 0.283 0.672 1 0.00 1.00 0.000 -0.262 20 1.354 0.672 1.3540 0.6719
% 1773155661.9643924 robobot/cmd/ti rc 0.200 -0.251 1773155661.9642918
% 1773155661.9744344 robobot/cmd/ti rc 0.200 -0.241 1773155661.9743352
% 1773155661.9845214 robobot/cmd/ti rc 0.200 -0.232 1773155661.9843984
% 1773155661.994792 robobot/cmd/ti rc 0.200 -0.223 1773155661.9946818
% 1773155662.004136 robobot/cmd/ti rc 0.200 -0.214 1773155662.0040514
1773155662.0052075 0 1.282 0.289 0.679 1 0.00 1.00 0.000 -0.214 20 1.363 0.679 1.3634 0.6789
% 1773155662.0143404 robobot/cmd/ti rc 0.200 -0.206 1773155662.0141978
% 1773155662.0243633 robobot/cmd/ti rc 0.200 -0.198 1773155662.0242252
% 1773155662.0343347 robobot/cmd/ti rc 0.200 -0.190 1773155662.0341911
% 1773155662.044949 robobot/cmd/ti rc 0.200 -0.183 1773155662.0441513
1773155662.0449777 0 1.288 0.293 0.679 1 0.00 1.00 0.000 -0.183 20 1.371 0.679 1.3711 0.6789
% 1773155662.0543995 robobot/cmd/ti rc 0.200 -0.175 1773155662.0542526
1773155662.0553799 0 1.290 0.295 0.679 1 0.00 1.00 0.000 -0.175 20 1.373 0.679 1.3727 0.6789
% 1773155662.0640583 robobot/cmd/ti alive 2026-03-10 16:14:13.541784
% 1773155662.0647206 robobot/cmd/ti rc 0.200 -0.169 1773155662.0644841
% 1773155662.0746036 robobot/cmd/ti rc 0.200 -0.162 1773155662.0744953
% 1773155662.084968 robobot/cmd/ti rc 0.200 -0.156 1773155662.084761
% 1773155662.0953703 robobot/cmd/ti rc 0.200 -0.150 1773155662.095256
% 1773155662.1050186 robobot/cmd/ti rc 0.200 -0.144 1773155662.1049244
1773155662.1051075 0 1.298 0.301 0.671 1 0.00 1.00 0.000 -0.144 20 1.382 0.671 1.3823 0.6708
% 1773155662.1146083 robobot/cmd/ti rc 0.200 -0.138 1773155662.1145065
% 1773155662.1247227 robobot/cmd/ti rc 0.200 -0.133 1773155662.1246185
% 1773155662.1351764 robobot/cmd/ti rc 0.200 -0.127 1773155662.1349711
% 1773155662.1452112 robobot/cmd/ti rc 0.200 -0.122 1773155662.1450233
1773155662.145235 0 1.304 0.306 0.665 1 0.00 1.00 0.000 -0.122 20 1.391 0.665 1.3905 0.6650
% 1773155662.1543727 robobot/cmd/ti rc 0.200 -0.118 1773155662.154237
1773155662.1553297 0 1.306 0.307 0.661 1 0.00 1.00 0.000 -0.118 20 1.394 0.661 1.3939 0.6615
% 1773155662.1645505 robobot/cmd/ti rc 0.200 -0.113 1773155662.1644568
% 1773155662.1746306 robobot/cmd/ti rc 0.200 -0.109 1773155662.1745434
% 1773155662.1847265 robobot/cmd/ti rc 0.200 -0.104 1773155662.1846519
% 1773155662.195478 robobot/cmd/ti rc 0.200 -0.100 1773155662.1953607
% 1773155662.2042708 robobot/cmd/ti rc 0.200 -0.096 1773155662.2041514
1773155662.205354 0 1.314 0.314 0.652 1 0.00 1.00 0.000 -0.096 20 1.404 0.652 1.4039 0.6523
% 1773155662.214309 robobot/cmd/ti rc 0.200 -0.093 1773155662.2142022
% 1773155662.2244542 robobot/cmd/ti rc 0.200 -0.089 1773155662.2243493
% 1773155662.234597 robobot/cmd/ti rc 0.200 -0.086 1773155662.2344956
% 1773155662.2448523 robobot/cmd/ti rc 0.200 -0.082 1773155662.244747
1773155662.2448778 0 1.320 0.318 0.649 1 0.00 1.00 0.000 -0.082 20 1.412 0.649 1.4120 0.6488
% 1773155662.254988 robobot/cmd/ti rc 0.200 -0.079 1773155662.2548883
1773155662.2551646 0 1.322 0.320 0.646 1 0.00 1.00 0.000 -0.079 20 1.413 0.646 1.4135 0.6465
% 1773155662.2642915 robobot/cmd/ti rc 0.200 -0.076 1773155662.2641642
% 1773155662.2743447 robobot/cmd/ti rc 0.200 -0.073 1773155662.2742193
% 1773155662.2849967 robobot/cmd/ti rc 0.200 -0.070 1773155662.284791
% 1773155662.2953174 robobot/cmd/ti rc 0.200 -0.067 1773155662.2950926
% 1773155662.3043315 robobot/cmd/ti rc 0.200 -0.065 1773155662.3042164
1773155662.3053963 0 1.330 0.326 0.641 1 0.00 1.00 0.000 -0.065 20 1.423 0.641 1.4232 0.6407
% 1773155662.3147082 robobot/cmd/ti rc 0.200 -0.062 1773155662.3145692
% 1773155662.3249342 robobot/cmd/ti rc 0.200 -0.060 1773155662.324745
% 1773155662.330185 robobot/cmd/T0 leds 14 0 80 0
% 1773155662.330255 robobot/cmd/T0 leds 15 0 80 0
% 1773155662.3303185 robobot/cmd/T0 leds 16 0 80 0
% 1773155662.3344524 robobot/cmd/ti rc 0.200 -0.057 1773155662.334336
% 1773155662.344616 robobot/cmd/ti rc 0.200 -0.055 1773155662.3445282
1773155662.344638 0 1.336 0.330 0.637 1 0.00 1.00 0.000 -0.055 20 1.431 0.637 1.4313 0.6372
% 1773155662.3551672 robobot/cmd/ti rc 0.200 -0.053 1773155662.354932
1773155662.3560746 0 1.338 0.332 0.634 1 0.00 1.00 0.000 -0.053 20 1.434 0.634 1.4344 0.6338
% 1773155662.365069 robobot/cmd/ti rc 0.200 -0.051 1773155662.3649719
% 1773155662.3754117 robobot/cmd/ti rc 0.200 -0.049 1773155662.3751247
% 1773155662.385179 robobot/cmd/ti rc 0.200 -0.047 1773155662.3850322
% 1773155662.3952243 robobot/cmd/ti rc 0.200 -0.045 1773155662.3951125
% 1773155662.4042327 robobot/cmd/ti rc 0.200 -0.043 1773155662.4041197
1773155662.405267 0 1.344 0.336 0.619 1 0.00 1.00 0.000 -0.043 15 1.442 0.619 1.4418 0.6187
% 1773155662.414498 robobot/cmd/ti rc 0.200 -0.042 1773155662.414378
% 1773155662.4245605 robobot/cmd/ti rc 0.200 -0.040 1773155662.4244683
% 1773155662.4305317 robobot/cmd/T0 leds 14 80 0 0
% 1773155662.4306056 robobot/cmd/T0 leds 15 80 0 0
% 1773155662.4306579 robobot/cmd/T0 leds 16 80 0 0
% 1773155662.4349663 robobot/cmd/ti rc 0.200 -0.038 1773155662.4348633
% 1773155662.4448526 robobot/cmd/ti rc 0.200 -0.037 1773155662.4447694
1773155662.4448757 0 1.349 0.340 0.611 1 0.00 1.00 0.000 -0.037 11 1.448 0.611 1.4481 0.6106
% 1773155662.4549046 robobot/cmd/ti rc 0.200 -0.036 1773155662.4547975
1773155662.4559696 0 1.351 0.341 0.611 1 0.00 1.00 0.000 -0.036 10 1.449 0.611 1.4493 0.6106
% 1773155662.4648921 robobot/cmd/ti rc 0.200 -0.034 1773155662.4648087
% 1773155662.4752102 robobot/cmd/ti rc 0.200 -0.033 1773155662.4750774
% 1773155662.4845963 robobot/cmd/ti rc 0.200 -0.032 1773155662.484294
% 1773155662.4944665 robobot/cmd/ti rc 0.200 -0.030 1773155662.4943428
% 1773155662.5043979 robobot/cmd/ti rc 0.200 -0.029 1773155662.504287
1773155662.5064814 0 1.357 0.345 0.611 1 0.00 1.00 0.000 -0.029 5 1.457 0.611 1.4574 0.6106
% 1773155662.515005 robobot/cmd/ti rc 0.200 -0.028 1773155662.5142717
% 1773155662.524968 robobot/cmd/ti rc 0.200 -0.027 1773155662.5248554
% 1773155662.5348678 robobot/cmd/ti rc 0.200 -0.026 1773155662.5347612
% 1773155662.5450773 robobot/cmd/ti rc 0.200 -0.025 1773155662.5449162
1773155662.545109 0 1.362 0.349 0.608 1 0.00 1.00 0.000 -0.025 1 1.464 0.608 1.4636 0.6083
% 1773155662.555137 robobot/cmd/ti rc 0.200 -0.024 1773155662.5550203
1773155662.5561697 0 1.364 0.350 0.607 1 0.00 1.00 0.000 -0.024 0 1.467 0.607 1.4665 0.6072
% 1773155662.5650585 robobot/cmd/ti rc 0.200 -0.023 1773155662.564948
% 1773155662.5653305 robobot/cmd/ti alive 2026-03-10 16:14:13.541784
% 1773155662.5749998 robobot/cmd/ti rc 0.200 -0.022 1773155662.5749104
% 1773155662.5850499 robobot/cmd/ti rc 0.200 -0.021 1773155662.5849612
% 1773155662.5955088 robobot/cmd/ti rc 0.200 -0.020 1773155662.5953753
% 1773155662.604597 robobot/cmd/ti rc 0.200 -0.020 1773155662.604457
1773155662.6066432 0 1.372 0.356 0.600 1 0.00 1.00 0.000 -0.020 0 1.476 0.600 1.4763 0.6002
% 1773155662.61462 robobot/cmd/ti rc 0.200 -0.019 1773155662.6144898
% 1773155662.6245525 robobot/cmd/ti rc 0.200 -0.018 1773155662.6244688
% 1773155662.6345732 robobot/cmd/ti rc 0.200 -0.017 1773155662.6344802
% 1773155662.6446626 robobot/cmd/ti rc 0.200 -0.017 1773155662.644575
1773155662.644686 0 1.379 0.360 0.596 1 0.00 1.00 0.000 -0.017 0 1.485 0.596 1.4846 0.5956
% 1773155662.6547217 robobot/cmd/ti rc 0.200 -0.016 1773155662.654632
1773155662.6557648 0 1.382 0.362 0.596 1 0.00 1.00 0.000 -0.016 0 1.486 0.596 1.4863 0.5956
% 1773155662.6647623 robobot/cmd/ti rc 0.200 -0.015 1773155662.6646714
% 1773155662.6752334 robobot/cmd/ti rc 0.200 -0.015 1773155662.6750917
% 1773155662.6847677 robobot/cmd/ti rc 0.200 -0.014 1773155662.684615
% 1773155662.694797 robobot/cmd/ti rc 0.200 -0.014 1773155662.6946802
% 1773155662.7047706 robobot/cmd/ti rc 0.200 -0.013 1773155662.7046883
1773155662.705827 0 1.392 0.369 0.596 1 0.00 1.00 0.000 -0.013 0 1.498 0.596 1.4980 0.5956
% 1773155662.714837 robobot/cmd/ti rc 0.200 -0.013 1773155662.714762
% 1773155662.7249532 robobot/cmd/ti rc 0.200 -0.012 1773155662.724868
% 1773155662.7348704 robobot/cmd/ti rc 0.200 -0.012 1773155662.7347958
% 1773155662.7449677 robobot/cmd/ti rc 0.200 -0.011 1773155662.7448776
1773155662.74499 0 1.399 0.374 0.597 1 0.00 1.00 0.000 -0.011 0 1.508 0.597 1.5080 0.5968
% 1773155662.7550166 robobot/cmd/ti rc 0.200 -0.011 1773155662.7549405
1773155662.756086 0 1.402 0.376 0.592 1 0.00 1.00 0.000 -0.011 0 1.512 0.592 1.5122 0.5921
% 1773155662.7649944 robobot/cmd/ti rc 0.200 -0.010 1773155662.764922
% 1773155662.7750838 robobot/cmd/ti rc 0.200 -0.010 1773155662.7750063
% 1773155662.7851596 robobot/cmd/ti rc 0.200 -0.010 1773155662.7850597
% 1773155662.7952058 robobot/cmd/ti rc 0.200 -0.009 1773155662.7951274
% 1773155662.8052278 robobot/cmd/ti rc 0.200 -0.009 1773155662.8051317
1773155662.8063092 0 1.412 0.383 0.590 1 0.00 1.00 0.000 -0.009 0 1.524 0.590 1.5239 0.5898
% 1773155662.8154101 robobot/cmd/ti rc 0.200 -0.008 1773155662.815261
% 1773155662.8243833 robobot/cmd/ti rc 0.200 -0.008 1773155662.824247
% 1773155662.8346622 robobot/cmd/ti rc 0.200 -0.008 1773155662.834523
% 1773155662.8446186 robobot/cmd/ti rc 0.200 -0.007 1773155662.844527
1773155662.8446429 0 1.419 0.387 0.589 1 0.00 1.00 0.000 -0.007 0 1.533 0.589 1.5329 0.5887
% 1773155662.8547566 robobot/cmd/ti rc 0.200 -0.007 1773155662.8546653
1773155662.8558397 0 1.422 0.389 0.590 1 0.00 1.00 0.000 -0.007 0 1.535 0.590 1.5347 0.5898
% 1773155662.8646932 robobot/cmd/ti rc 0.200 -0.007 1773155662.8646095
% 1773155662.8753023 robobot/cmd/ti rc 0.200 -0.007 1773155662.8751962
% 1773155662.884496 robobot/cmd/ti rc 0.200 -0.006 1773155662.88435
% 1773155662.888904 robobot/cmd/ti rc 0.08 0.00
1773155662.9058843 0 1.430 0.395 0.591 1 0.00 1.00 0.000 -0.006 0 1.545 0.591 0.0037 0.0035
1773155662.9449399 0 1.434 0.398 0.596 1 0.00 1.00 0.000 -0.006 0 1.551 0.596 0.0097 0.0081
1773155662.9562607 0 1.436 0.399 0.597 1 0.00 1.00 0.000 -0.006 0 1.554 0.597 0.0119 0.0093
1773155663.0063667 0 1.439 0.401 0.606 1 0.00 1.00 0.000 -0.006 0 1.558 0.606 0.0163 0.0185
1773155663.0444114 0 1.441 0.402 0.611 1 0.00 1.00 0.000 -0.006 0 1.561 0.611 0.0191 0.0231
1773155663.0566618 0 1.441 0.403 0.614 1 0.00 1.00 0.000 -0.006 0 1.561 0.614 0.0195 0.0266
% 1773155663.0664556 robobot/cmd/ti alive 2026-03-10 16:14:13.541784
1773155663.106974 0 1.444 0.404 0.611 1 0.00 1.00 0.000 -0.006 0 1.564 0.611 0.0226 0.0231
1773155663.1451297 0 1.445 0.405 0.614 1 0.00 1.00 0.000 -0.006 0 1.566 0.614 0.0246 0.0266
1773155663.1574695 0 1.446 0.406 0.613 1 0.00 1.00 0.000 -0.006 0 1.567 0.613 0.0257 0.0254
1773155663.2067218 0 1.449 0.408 0.616 1 0.00 1.00 0.000 -0.006 0 1.570 0.616 0.0287 0.0289
1773155663.244609 0 1.451 0.410 0.618 1 0.00 1.00 0.000 -0.006 0 1.573 0.618 0.0318 0.0301
1773155663.2569783 0 1.452 0.410 0.618 1 0.00 1.00 0.000 -0.006 0 1.574 0.618 0.0325 0.0301
1773155663.3073027 0 1.456 0.413 0.621 1 0.00 1.00 0.000 -0.006 0 1.579 0.621 0.0373 0.0335
1773155663.3452582 0 1.458 0.414 0.620 1 0.00 1.00 0.000 -0.006 0 1.582 0.620 0.0399 0.0324
1773155663.3576267 0 1.459 0.415 0.620 1 0.00 1.00 0.000 -0.006 0 1.583 0.620 0.0411 0.0324
1773155663.406975 0 1.462 0.417 0.625 1 0.00 1.00 0.000 -0.006 0 1.587 0.625 0.0452 0.0370
1773155663.4447868 0 1.464 0.419 0.623 1 0.00 1.00 0.000 -0.006 0 1.590 0.623 0.0484 0.0359
1773155663.4569812 0 1.465 0.420 0.623 1 0.00 1.00 0.000 -0.006 0 1.591 0.623 0.0490 0.0359
1773155663.5074463 0 1.469 0.422 0.626 1 0.00 1.00 0.000 -0.006 0 1.595 0.626 0.0537 0.0382
1773155663.5454824 0 1.471 0.424 0.629 1 0.00 1.00 0.000 -0.006 0 1.598 0.629 0.0565 0.0416
1773155663.5578732 0 1.472 0.425 0.627 1 0.00 1.00 0.000 -0.006 0 1.599 0.627 0.0577 0.0393
% 1773155663.5675738 robobot/cmd/ti alive 2026-03-10 16:14:13.541784
1773155663.6069565 0 1.475 0.427 0.629 1 0.00 1.00 0.000 -0.006 0 1.603 0.629 0.0614 0.0416
1773155663.6449454 0 1.477 0.428 0.630 1 0.00 1.00 0.000 -0.006 0 1.606 0.630 0.0647 0.0428
1773155663.657139 0 1.478 0.429 0.630 1 0.00 1.00 0.000 -0.006 0 1.607 0.630 0.0653 0.0428
1773155663.707836 0 1.481 0.431 0.630 1 0.00 1.00 0.000 -0.006 0 1.611 0.630 0.0695 0.0428
1773155663.744589 0 1.484 0.433 0.633 1 0.00 1.00 0.000 -0.006 0 1.614 0.633 0.0721 0.0451
1773155663.757898 0 1.485 0.434 0.633 1 0.00 1.00 0.000 -0.006 0 1.615 0.633 0.0734 0.0451
1773155663.8081586 0 1.488 0.436 0.630 1 0.00 1.00 0.000 -0.006 0 1.619 0.630 0.0773 0.0428
1773155663.8449357 0 1.490 0.438 0.633 1 0.00 1.00 0.000 -0.006 0 1.622 0.633 0.0805 0.0451
1773155663.858193 0 1.491 0.439 0.631 1 0.00 1.00 0.000 -0.006 0 1.623 0.631 0.0812 0.0439
1773155663.908468 0 1.494 0.441 0.630 1 0.00 1.00 0.000 -0.006 0 1.627 0.630 0.0857 0.0428
1773155663.9446294 0 1.496 0.442 0.633 1 0.00 1.00 0.000 -0.006 0 1.630 0.633 0.0882 0.0451
1773155663.957972 0 1.497 0.443 0.633 1 0.00 1.00 0.000 -0.006 0 1.631 0.633 0.0893 0.0451
1773155664.008189 0 1.499 0.444 0.628 1 0.00 1.00 0.000 -0.006 0 1.634 0.628 0.0921 0.0405
1773155664.044918 0 1.499 0.445 0.625 1 0.00 1.00 0.000 -0.006 0 1.635 0.625 0.0934 0.0370
1773155664.0581982 0 1.500 0.445 0.625 1 0.00 1.00 0.000 -0.006 0 1.635 0.625 0.0936 0.0370
% 1773155664.0688272 robobot/cmd/ti alive 2026-03-10 16:14:13.541784
1773155664.108379 0 1.500 0.445 0.627 1 0.00 1.00 0.000 -0.006 0 1.637 0.627 0.0949 0.0393
1773155664.1448472 0 1.501 0.445 0.623 1 0.00 1.00 0.000 -0.006 0 1.637 0.623 0.0955 0.0359
1773155664.1586378 0 1.501 0.446 0.623 1 0.00 1.00 0.000 -0.006 0 1.637 0.623 0.0958 0.0359
1773155664.2088335 0 1.502 0.447 0.626 1 0.00 1.00 0.000 -0.006 0 1.638 0.626 0.0968 0.0382
1773155664.2454407 0 1.504 0.448 0.625 1 0.00 1.00 0.000 -0.006 0 1.640 0.625 0.0987 0.0370
1773155664.2577968 0 1.505 0.449 0.627 1 0.00 1.00 0.000 -0.006 0 1.641 0.627 0.0992 0.0393
1773155664.3083916 0 1.510 0.453 0.628 1 0.00 1.00 0.000 -0.006 0 1.648 0.628 0.1061 0.0405
1773155664.345257 0 1.515 0.456 0.627 1 0.00 1.00 0.000 -0.006 0 1.654 0.627 0.1120 0.0393
1773155664.358656 0 1.518 0.458 0.623 1 0.00 1.00 0.000 -0.006 0 1.656 0.623 0.1146 0.0359
1773155664.4087768 0 1.525 0.463 0.627 1 0.00 1.00 0.000 -0.006 0 1.665 0.627 0.1231 0.0393
1773155664.4455047 0 1.529 0.466 0.622 1 0.00 1.00 0.000 -0.006 0 1.671 0.622 0.1294 0.0347
1773155664.458795 0 1.530 0.467 0.623 1 0.00 1.00 0.000 -0.006 0 1.672 0.623 0.1304 0.0359
1773155664.5096326 0 1.535 0.470 0.620 1 0.00 1.00 0.000 -0.006 0 1.678 0.620 0.1366 0.0324
1773155664.5454385 0 1.537 0.472 0.621 1 0.00 1.00 0.000 -0.006 0 1.681 0.621 0.1394 0.0335
1773155664.5588698 0 1.538 0.472 0.621 1 0.00 1.00 0.000 -0.006 0 1.682 0.621 0.1407 0.0335
% 1773155664.5699735 robobot/cmd/ti alive 2026-03-10 16:14:13.541784
1773155664.608991 0 1.540 0.474 0.618 1 0.00 1.00 0.000 -0.006 0 1.685 0.618 0.1437 0.0301
% 1773155664.6328735 robobot/cmd/T0 leds 14 0 80 0
% 1773155664.6330166 robobot/cmd/T0 leds 15 0 80 0
% 1773155664.6331515 robobot/cmd/T0 leds 16 0 80 0
% 1773155664.641949 robobot/cmd/T0 leds 14 0 0 0
% 1773155664.6421797 robobot/cmd/T0 leds 15 0 0 0
% 1773155664.6423168 robobot/cmd/T0 leds 16 0 0 0
% 1773155664.6424537 robobot/cmd/ti rc 0.0 0.0
% 1773155664.6428418 robobot/cmd/T0 leds 14 0 0 0
% 1773155664.6429732 robobot/cmd/T0 leds 15 0 0 0
% 1773155664.6431005 robobot/cmd/T0 leds 16 0 0 0
1773155664.645079 0 1.542 0.475 0.621 1 0.00 1.00 0.000 -0.006 0 1.688 0.621 0.1465 0.0335
1773155664.659729 0 1.543 0.476 0.620 1 0.00 1.00 0.000 -0.006 0 1.689 0.620 0.1475 0.0324
% 1773155664.6632993 robobot/cmd/ti rc 0 0
% 1773155664.6835523 robobot/cmd/T0 stop
% 1773155664.6836815 robobot/cmd/T0 leds 14 0 0 0
% 1773155664.6939054 robobot/cmd/T0 leds 15 0 0 0
% 1773155664.694122 robobot/cmd/T0 leds 16 0 0 0
% 1773155664.704289 robobot/cmd/ti log 0
